01,79335699046, 1725148800, 1725152503
01,79342098718, 1725148800, 1725152998
02,79335699046, 1725153068, 1725157625
02,79342098718, 1725154434, 1725157442
01,79342098718, 1725161323, 1725167410
01,79335699046, 1725164791, 1725169138
01,79342098718, 1725172119, 1725178514
01,79335699046, 1725174576, 1725176138
01,79342098718, 1725180485, 1725187359
01,79335699046, 1725182530, 1725183635
02,79335699046, 1725184471, 1725185566
02,79335699046, 1725188705, 1725189812
01,79342098718, 1725190846, 1725197788
02,79335699046, 1725196788, 1725203795
02,79342098718, 1725198330, 1725202655
01,79335699046, 1725205699, 1725207534
01,79342098718, 1725206215, 1725209050
01,79342098718, 1725212753, 1725217687
02,79335699046, 1725212998, 1725216053
02,79335699046, 1725216647, 1725220560
01,79335699046, 1725221675, 1725222422
02,79342098718, 1725222942, 1725229518
02,79335699046, 1725227796, 1725232290
02,79342098718, 1725231726, 1725237916
01,79335699046, 1725233063, 1725239351
01,79342098718, 1725240051, 1725240383
02,79335699046, 1725242377, 1725245024
02,79342098718, 1725242797, 1725243596
01,79342098718, 1725243978, 1725246685
01,79335699046, 1725245810, 1725246168
02,79342098718, 1725252544, 1725259528
01,79335699046, 1725252766, 1725253810
02,79335699046, 1725254446, 1725256545
01,79335699046, 1725260448, 1725266356
02,79342098718, 1725263099, 1725263821
01,79342098718, 1725265015, 1725267504
02,79342098718, 1725270274, 1725275798
01,79335699046, 1725272922, 1725273875
01,79335699046, 1725275302, 1725279035
01,79342098718, 1725280525, 1725287272
02,79335699046, 1725281563, 1725286373
02,79342098718, 1725290129, 1725291750
01,79335699046, 1725290694, 1725294680
01,79342098718, 1725294185, 1725295102
02,79335699046, 1725301728, 1725304414
02,79342098718, 1725302209, 1725305609
02,79335699046, 1725304967, 1725307985
02,79342098718, 1725312805, 1725318631
01,79335699046, 1725313187, 1725315618
01,79335699046, 1725319615, 1725324032
02,79342098718, 1725320427, 1725324839
02,79335699046, 1725326513, 1725330679
01,79342098718, 1725328704, 1725333851
02,79335699046, 1725331084, 1725335137
02,79342098718, 1725335269, 1725336414
02,79335699046, 1725335464, 1725337409
01,79335699046, 1725338962, 1725341751
02,79342098718, 1725341016, 1725347406
02,79335699046, 1725342566, 1725348415
01,79335699046, 1725350548, 1725357610
02,79342098718, 1725352947, 1725354220
01,79342098718, 1725355951, 1725361095
01,79335699046, 1725359448, 1725359937
02,79342098718, 1725361582, 1725365164
02,79335699046, 1725365613, 1725367896
01,79342098718, 1725366527, 1725370447
02,79335699046, 1725371199, 1725377861
02,79342098718, 1725371223, 1725372284
02,79342098718, 1725374831, 1725376268
01,79342098718, 1725382356, 1725389210
02,79335699046, 1725382979, 1725386299
01,79335699046, 1725389611, 1725394761
02,79342098718, 1725390959, 1725395701
01,79335699046, 1725400106, 1725404191
02,79342098718, 1725402194, 1725409175
02,79335699046, 1725407478, 1725409314
01,79335699046, 1725412042, 1725418782
02,79342098718, 1725415756, 1725419358
02,79335699046, 1725420215, 1725421476
01,79342098718, 1725420355, 1725426451
02,79335699046, 1725426059, 1725431871
01,79342098718, 1725432278, 1725435617
02,79335699046, 1725438649, 1725441454
02,79342098718, 1725440342, 1725442529
01,79335699046, 1725443224, 1725450001
01,79342098718, 1725447508, 1725448324
01,79342098718, 1725455233, 1725457497
02,79335699046, 1725456771, 1725459660
02,79335699046, 1725460468, 1725462701
01,79342098718, 1725463266, 1725465904
02,79335699046, 1725467218, 1725469212
01,79342098718, 1725471777, 1725474374
01,79335699046, 1725473927, 1725479636
01,79342098718, 1725480502, 1725484877
01,79335699046, 1725483466, 1725484338
02,79342098718, 1725486241, 1725486754
02,79342098718, 1725489836, 1725491038
02,79335699046, 1725490801, 1725492506
01,79342098718, 1725495213, 1725500671
02,79335699046, 1725495240, 1725498884
02,79335699046, 1725499953, 1725501451
02,79335699046, 1725503346, 1725508462
02,79342098718, 1725503741, 1725504837
02,79342098718, 1725508353, 1725511821
02,79335699046, 1725510306, 1725517208
02,79342098718, 1725517836, 1725522532
01,79335699046, 1725523876, 1725530580
01,79342098718, 1725526350, 1725529564
01,79335699046, 1725532750, 1725533504
02,79342098718, 1725536037, 1725539572
01,79335699046, 1725539477, 1725542767
02,79342098718, 1725542489, 1725547640
01,79335699046, 1725544827, 1725545871
02,79335699046, 1725552918, 1725556433
02,79342098718, 1725553131, 1725559246
01,79335699046, 1725560605, 1725562650
01,79342098718, 1725562710, 1725566272
01,79335699046, 1725562957, 1725564998
01,79342098718, 1725568768, 1725572681
01,79335699046, 1725569341, 1725576022
02,79335699046, 1725579528, 1725586514
01,79342098718, 1725579608, 1725586107
01,79335699046, 1725587226, 1725590316
01,79342098718, 1725590597, 1725592475
02,79335699046, 1725591378, 1725596666
01,79342098718, 1725594797, 1725600874
01,79335699046, 1725597830, 1725599450
02,79342098718, 1725603915, 1725608306
01,79335699046, 1725606092, 1725608087
02,79335699046, 1725609263, 1725612465
02,79335699046, 1725612936, 1725618351
02,79342098718, 1725614851, 1725620447
02,79335699046, 1725621195, 1725622557
01,79342098718, 1725622879, 1725624820
02,79335699046, 1725626796, 1725629974
01,79342098718, 1725631113, 1725637717
02,79335699046, 1725633928, 1725634827
01,79335699046, 1725637904, 1725641813
01,79335699046, 1725642941, 1725646917
01,79342098718, 1725643939, 1725649355
02,79335699046, 1725647312, 1725648812
01,79342098718, 1725651393, 1725655357
02,79335699046, 1725655483, 1725655937
01,79342098718, 1725657597, 1725663877
02,79335699046, 1725661551, 1725668516
02,79335699046, 1725669994, 1725673136
01,79342098718, 1725670543, 1725672316
02,79342098718, 1725675452, 1725675999
01,79342098718, 1725676491, 1725679603
01,79335699046, 1725678945, 1725685880
02,79342098718, 1725685054, 1725686280
02,79335699046, 1725686843, 1725690492
02,79342098718, 1725691599, 1725695938
02,79335699046, 1725691993, 1725698997
02,79342098718, 1725700438, 1725707116
02,79335699046, 1725702150, 1725708243
01,79342098718, 1725707753, 1725713362
01,79335699046, 1725712978, 1725716377
02,79342098718, 1725718027, 1725722322
01,79335699046, 1725722555, 1725724488
01,79342098718, 1725725800, 1725728960
02,79335699046, 1725731663, 1725732060
01,79335699046, 1725732595, 1725735417
02,79342098718, 1725734054, 1725737433
02,79342098718, 1725738767, 1725745322
01,79335699046, 1725740706, 1725743436
02,79335699046, 1725744986, 1725746462
02,79342098718, 1725746382, 1725749904
02,79335699046, 1725749197, 1725749821
02,79342098718, 1725756510, 1725760276
02,79335699046, 1725756541, 1725758541
01,79335699046, 1725759476, 1725763537
01,79342098718, 1725764664, 1725767322
01,79335699046, 1725770638, 1725771793
02,79342098718, 1725771350, 1725774995
02,79342098718, 1725775976, 1725781167
02,79335699046, 1725777208, 1725783769
01,79342098718, 1725782580, 1725786991
02,79335699046, 1725788870, 1725792875
01,79342098718, 1725793207, 1725795212
01,79335699046, 1725793434, 1725798966
02,79342098718, 1725801142, 1725802249
01,79335699046, 1725803619, 1725805396
02,79335699046, 1725808034, 1725813595
02,79342098718, 1725808917, 1725812502
01,79335699046, 1725816734, 1725817715
02,79342098718, 1725817621, 1725820041
01,79335699046, 1725818033, 1725820590
01,79335699046, 1725824089, 1725829979
01,79342098718, 1725825584, 1725829171
01,79335699046, 1725831837, 1725837657
02,79342098718, 1725835609, 1725840347
01,79342098718, 1725841656, 1725843109
02,79335699046, 1725843309, 1725850069
02,79342098718, 1725847684, 1725854240
02,79342098718, 1725855827, 1725858320
01,79335699046, 1725856790, 1725860627
02,79342098718, 1725861960, 1725867639
01,79335699046, 1725865934, 1725871682
01,79342098718, 1725874706, 1725881654
01,79335699046, 1725875851, 1725879284
01,79342098718, 1725882160, 1725886177
01,79335699046, 1725883250, 1725884362
02,79335699046, 1725886184, 1725890589
02,79342098718, 1725887371, 1725888918
02,79335699046, 1725891273, 1725897114
02,79342098718, 1725894963, 1725899107
01,79335699046, 1725903984, 1725910497
02,79342098718, 1725905373, 1725906658
01,79342098718, 1725911007, 1725912512
02,79335699046, 1725916814, 1725919438
02,79342098718, 1725917755, 1725918326
01,79335699046, 1725922472, 1725927557
01,79342098718, 1725925007, 1725931803
02,79335699046, 1725929779, 1725933313
01,79335699046, 1725934676, 1725940108
02,79342098718, 1725938277, 1725944777
01,79335699046, 1725943991, 1725948653
02,79342098718, 1725949333, 1725951687
02,79335699046, 1725953875, 1725958247
01,79342098718, 1725958801, 1725964049
02,79335699046, 1725964456, 1725967617
01,79342098718, 1725966984, 1725974002
01,79335699046, 1725973250, 1725980035
01,79342098718, 1725974925, 1725976480
01,79342098718, 1725983054, 1725989509
01,79335699046, 1725985714, 1725990956
01,79342098718, 1725992977, 1725999677
01,79335699046, 1725997040, 1726002102
01,79342098718, 1726001412, 1726003347
01,79335699046, 1726008806, 1726015178
01,79342098718, 1726009727, 1726012791
02,79342098718, 1726015512, 1726020413
02,79335699046, 1726019275, 1726025296
02,79342098718, 1726025631, 1726029829
01,79335699046, 1726031688, 1726035356
02,79342098718, 1726031983, 1726032678
01,79342098718, 1726034365, 1726037897
01,79335699046, 1726037773, 1726042557
02,79342098718, 1726044814, 1726049312
01,79335699046, 1726048402, 1726050197
01,79342098718, 1726055140, 1726059019
01,79335699046, 1726056564, 1726057280
01,79335699046, 1726059636, 1726066553
01,79342098718, 1726059646, 1726063542
02,79342098718, 1726064922, 1726068120
01,79342098718, 1726068893, 1726072653
02,79335699046, 1726070027, 1726074394
01,79342098718, 1726075481, 1726081354
01,79335699046, 1726078783, 1726085001
01,79342098718, 1726084788, 1726086358
01,79342098718, 1726090933, 1726096966
01,79335699046, 1726091443, 1726095549
01,79335699046, 1726101041, 1726105826
02,79342098718, 1726101370, 1726101716
02,79342098718, 1726106958, 1726108077
01,79335699046, 1726106974, 1726110154
01,79342098718, 1726109495, 1726111042
02,79342098718, 1726111707, 1726115481
01,79335699046, 1726115220, 1726117508
02,79342098718, 1726121612, 1726125013
01,79335699046, 1726123796, 1726129903
02,79342098718, 1726128051, 1726134853
02,79335699046, 1726134747, 1726136329
02,79335699046, 1726137958, 1726139851
01,79342098718, 1726140378, 1726144382
02,79335699046, 1726141157, 1726142949
01,79342098718, 1726147328, 1726154183
01,79335699046, 1726148626, 1726153986
02,79335699046, 1726155295, 1726157415
01,79335699046, 1726158133, 1726160239
01,79342098718, 1726158912, 1726161240
02,79335699046, 1726161798, 1726163640
02,79342098718, 1726164203, 1726170066
01,79335699046, 1726166873, 1726172612
02,79342098718, 1726172382, 1726176004
01,79335699046, 1726176248, 1726177470
01,79342098718, 1726180227, 1726186695
02,79335699046, 1726182363, 1726189044
01,79342098718, 1726189555, 1726191828
02,79335699046, 1726192803, 1726196117
02,79342098718, 1726198532, 1726199566
01,79335699046, 1726199173, 1726204963
01,79342098718, 1726200064, 1726203153
02,79335699046, 1726206485, 1726206828
01,79342098718, 1726207809, 1726209246
01,79335699046, 1726211935, 1726213921
01,79342098718, 1726214061, 1726217118
01,79335699046, 1726216620, 1726217068
01,79335699046, 1726222088, 1726225976
02,79342098718, 1726223565, 1726230017
02,79335699046, 1726228467, 1726232277
01,79342098718, 1726230742, 1726234230
01,79335699046, 1726235038, 1726239328
02,79342098718, 1726240029, 1726245017
02,79335699046, 1726242609, 1726246372
01,79342098718, 1726249421, 1726249768
01,79335699046, 1726249786, 1726250428
01,79335699046, 1726254069, 1726259452
02,79342098718, 1726254184, 1726256133
02,79342098718, 1726260319, 1726265637
01,79335699046, 1726266408, 1726270952
02,79342098718, 1726270307, 1726271951
01,79335699046, 1726276991, 1726279289
02,79342098718, 1726277707, 1726278968
02,79335699046, 1726282215, 1726288053
02,79342098718, 1726283845, 1726284963
02,79342098718, 1726288178, 1726293252
01,79335699046, 1726294101, 1726298602
01,79342098718, 1726296651, 1726303640
01,79335699046, 1726300952, 1726307455
01,79342098718, 1726307032, 1726308208
01,79335699046, 1726310410, 1726317447
01,79342098718, 1726313368, 1726317507
01,79342098718, 1726319731, 1726325843
02,79335699046, 1726322168, 1726325203
02,79342098718, 1726328750, 1726329562
01,79342098718, 1726330150, 1726332594
01,79335699046, 1726330304, 1726333786
01,79335699046, 1726336285, 1726337902
01,79342098718, 1726336891, 1726340713
02,79335699046, 1726344305, 1726348653
02,79342098718, 1726345558, 1726351890
01,79335699046, 1726354232, 1726354878
02,79335699046, 1726358259, 1726361183
01,79342098718, 1726358383, 1726364192
01,79335699046, 1726364842, 1726365760
02,79342098718, 1726366263, 1726372932
02,79335699046, 1726366684, 1726367689
01,79335699046, 1726370157, 1726374323
02,79335699046, 1726376551, 1726379858
01,79342098718, 1726376671, 1726383388
01,79335699046, 1726384958, 1726388283
02,79342098718, 1726385644, 1726386770
01,79342098718, 1726387727, 1726393366
02,79335699046, 1726394928, 1726399254
02,79342098718, 1726395986, 1726398109
01,79335699046, 1726400978, 1726407715
02,79342098718, 1726403125, 1726409877
01,79335699046, 1726409643, 1726413616
01,79342098718, 1726413045, 1726416281
01,79342098718, 1726417776, 1726420497
02,79335699046, 1726418682, 1726419999
02,79335699046, 1726424114, 1726426910
02,79342098718, 1726426565, 1726427443
01,79335699046, 1726432911, 1726435023
02,79342098718, 1726434138, 1726441066
02,79335699046, 1726438080, 1726439636
02,79335699046, 1726442669, 1726446938
02,79342098718, 1726445304, 1726449773
02,79335699046, 1726448685, 1726450478
02,79342098718, 1726450877, 1726454081
01,79335699046, 1726456935, 1726457781
02,79342098718, 1726459380, 1726460954
01,79335699046, 1726462389, 1726468631
01,79342098718, 1726462869, 1726466838
02,79342098718, 1726467151, 1726473945
01,79335699046, 1726470226, 1726472474
01,79335699046, 1726475591, 1726476902
02,79342098718, 1726477098, 1726483457
01,79335699046, 1726483917, 1726486286
01,79342098718, 1726486731, 1726490627
01,79335699046, 1726493356, 1726500311
01,79342098718, 1726494946, 1726496286
01,79342098718, 1726497753, 1726499040
02,79342098718, 1726499388, 1726503881
02,79335699046, 1726504651, 1726505204
01,79342098718, 1726506404, 1726511742
01,79335699046, 1726507340, 1726507958
01,79335699046, 1726511831, 1726515342
01,79342098718, 1726513180, 1726514889
02,79335699046, 1726515962, 1726518987
01,79342098718, 1726520613, 1726526286
01,79335699046, 1726521158, 1726526842
02,79342098718, 1726527614, 1726529884
01,79335699046, 1726529259, 1726532533
01,79342098718, 1726534150, 1726540697
01,79335699046, 1726535033, 1726540719
01,79335699046, 1726546045, 1726547972
01,79342098718, 1726546331, 1726549100
02,79335699046, 1726554628, 1726559534
02,79342098718, 1726554800, 1726556122
02,79342098718, 1726562040, 1726567449
02,79335699046, 1726563005, 1726566327
01,79335699046, 1726568247, 1726574911
02,79342098718, 1726569896, 1726571316
01,79342098718, 1726572457, 1726578425
02,79335699046, 1726579897, 1726582804
01,79342098718, 1726585106, 1726591705
01,79335699046, 1726588046, 1726593755
02,79342098718, 1726595953, 1726596883
01,79335699046, 1726597268, 1726598273
02,79342098718, 1726601174, 1726608213
02,79335699046, 1726604812, 1726608539
01,79335699046, 1726609411, 1726612350
02,79342098718, 1726611338, 1726612415
01,79342098718, 1726615119, 1726616088
02,79335699046, 1726616330, 1726622343
01,79342098718, 1726622987, 1726628157
01,79335699046, 1726628112, 1726634655
01,79342098718, 1726632291, 1726634947
01,79342098718, 1726635944, 1726641596
02,79335699046, 1726640494, 1726644903
01,79342098718, 1726643658, 1726644290
01,79335699046, 1726647056, 1726653919
02,79342098718, 1726648252, 1726652541
02,79335699046, 1726654600, 1726657775
02,79342098718, 1726654813, 1726657959
01,79335699046, 1726660260, 1726661757
01,79335699046, 1726662707, 1726667036
01,79342098718, 1726663078, 1726670077
02,79335699046, 1726668701, 1726672394
02,79342098718, 1726675058, 1726680189
02,79335699046, 1726678379, 1726679368
01,79335699046, 1726683366, 1726684362
01,79342098718, 1726686631, 1726688453
02,79335699046, 1726687585, 1726694613
02,79342098718, 1726693275, 1726699653
02,79335699046, 1726694927, 1726701093
02,79342098718, 1726703105, 1726707590
02,79335699046, 1726707140, 1726709775
02,79342098718, 1726712648, 1726719757
02,79335699046, 1726714298, 1726716792
01,79335699046, 1726721904, 1726727164
02,79342098718, 1726726790, 1726731577
02,79335699046, 1726727960, 1726730248
01,79342098718, 1726736544, 1726741184
01,79335699046, 1726736751, 1726739619
01,79335699046, 1726744219, 1726751360
02,79342098718, 1726745435, 1726747219
01,79342098718, 1726753601, 1726758621
01,79335699046, 1726756695, 1726757794
01,79335699046, 1726758219, 1726758617
01,79342098718, 1726761970, 1726766119
01,79335699046, 1726762355, 1726764417
02,79335699046, 1726765785, 1726767226
02,79335699046, 1726770165, 1726771793
01,79342098718, 1726770828, 1726773023
02,79335699046, 1726772613, 1726776865
01,79342098718, 1726779302, 1726781885
02,79335699046, 1726782852, 1726789081
02,79342098718, 1726784068, 1726787109
01,79342098718, 1726790325, 1726794810
01,79335699046, 1726791286, 1726794068
02,79342098718, 1726795657, 1726799098
01,79335699046, 1726796906, 1726803283
02,79342098718, 1726801562, 1726806386
01,79335699046, 1726805179, 1726812100
01,79342098718, 1726811843, 1726817009
01,79335699046, 1726816762, 1726820042
01,79342098718, 1726820745, 1726822401
01,79335699046, 1726826771, 1726827345
02,79342098718, 1726828160, 1726833348
02,79335699046, 1726828827, 1726831358
01,79335699046, 1726832222, 1726837758
01,79342098718, 1726837454, 1726837757
01,79342098718, 1726840820, 1726843043
02,79335699046, 1726841551, 1726848685
01,79342098718, 1726846849, 1726853735
01,79335699046, 1726850341, 1726850972
01,79335699046, 1726857989, 1726859154
02,79342098718, 1726860114, 1726862495
02,79335699046, 1726864116, 1726871113
02,79342098718, 1726868538, 1726869682
02,79342098718, 1726874539, 1726879648
02,79335699046, 1726878194, 1726879076
01,79335699046, 1726884106, 1726890693
01,79342098718, 1726886119, 1726892681
02,79335699046, 1726894264, 1726900809
01,79342098718, 1726898298, 1726905362
02,79335699046, 1726903850, 1726907428
01,79342098718, 1726906685, 1726910894
01,79335699046, 1726911102, 1726911956
01,79342098718, 1726916112, 1726922489
02,79335699046, 1726918048, 1726920466
02,79335699046, 1726924082, 1726927242
02,79342098718, 1726925096, 1726930755
02,79335699046, 1726929750, 1726932805
01,79342098718, 1726936307, 1726937801
01,79335699046, 1726939557, 1726946580
02,79342098718, 1726944344, 1726947861
02,79342098718, 1726948826, 1726955123
02,79335699046, 1726953615, 1726959602
01,79342098718, 1726957518, 1726964165
02,79335699046, 1726961107, 1726967684
02,79342098718, 1726964578, 1726967251
01,79342098718, 1726969760, 1726973558
02,79335699046, 1726971347, 1726978503
02,79342098718, 1726980187, 1726986728
01,79335699046, 1726982337, 1726988880
01,79335699046, 1726992358, 1726998624
02,79342098718, 1726993808, 1726998166
02,79335699046, 1727001309, 1727004400
01,79342098718, 1727002683, 1727007862
02,79335699046, 1727004895, 1727008745
02,79342098718, 1727008250, 1727010853
01,79335699046, 1727015676, 1727020990
02,79342098718, 1727017047, 1727023974
02,79335699046, 1727021573, 1727028707
01,79342098718, 1727025459, 1727027189
01,79342098718, 1727031129, 1727037136
01,79335699046, 1727033872, 1727035266
02,79335699046, 1727036089, 1727042551
01,79342098718, 1727039633, 1727045591
01,79335699046, 1727044950, 1727047563
02,79342098718, 1727046422, 1727052141
01,79335699046, 1727049129, 1727052317
02,79342098718, 1727056276, 1727058806
02,79335699046, 1727057664, 1727062557
02,79342098718, 1727061163, 1727064241
02,79342098718, 1727067595, 1727069710
01,79335699046, 1727069568, 1727076236
02,79342098718, 1727071642, 1727076709
02,79342098718, 1727080181, 1727086310
02,79335699046, 1727082461, 1727087294
01,79335699046, 1727090953, 1727091411
01,79342098718, 1727091896, 1727097686
01,79335699046, 1727093299, 1727095109
01,79335699046, 1727100358, 1727106658
02,79342098718, 1727101502, 1727104948
02,79342098718, 1727106591, 1727106978
01,79342098718, 1727107324, 1727108872
01,79342098718, 1727111826, 1727115304
02,79335699046, 1727112978, 1727119566
01,79342098718, 1727115774, 1727120446
02,79335699046, 1727120000, 1727125857
02,79342098718, 1727127438, 1727133072
02,79335699046, 1727129612, 1727133132
02,79335699046, 1727135536, 1727140264
01,79342098718, 1727135946, 1727138983
02,79335699046, 1727142726, 1727143592
02,79342098718, 1727144929, 1727151661
01,79335699046, 1727150374, 1727154801
02,79342098718, 1727152979, 1727156865
01,79335699046, 1727161860, 1727165120
02,79342098718, 1727162424, 1727165591
02,79335699046, 1727167814, 1727170161
01,79335699046, 1727171099, 1727176776
01,79342098718, 1727171686, 1727177542
01,79335699046, 1727179544, 1727181965
01,79342098718, 1727184633, 1727186826
02,79335699046, 1727185974, 1727189574
02,79342098718, 1727188938, 1727194418
01,79335699046, 1727190125, 1727192820
02,79342098718, 1727194780, 1727195580
01,79335699046, 1727198095, 1727200924
01,79342098718, 1727198962, 1727200571
01,79335699046, 1727202883, 1727203648
02,79342098718, 1727205031, 1727206975
01,79342098718, 1727209425, 1727210616
01,79335699046, 1727210713, 1727217379
01,79342098718, 1727211753, 1727217459
02,79342098718, 1727221997, 1727223304
02,79335699046, 1727224249, 1727229869
02,79342098718, 1727225498, 1727226232
02,79342098718, 1727227677, 1727234332
01,79335699046, 1727231649, 1727232749
02,79335699046, 1727233180, 1727239157
01,79342098718, 1727235044, 1727236943
01,79342098718, 1727238310, 1727245252
02,79335699046, 1727240460, 1727245429
01,79342098718, 1727247641, 1727253991
01,79335699046, 1727248294, 1727251013
02,79335699046, 1727254191, 1727261037
01,79342098718, 1727257159, 1727257788
01,79342098718, 1727261061, 1727262314
01,79335699046, 1727265989, 1727271643
01,79342098718, 1727266398, 1727268899
02,79342098718, 1727269637, 1727273179
01,79335699046, 1727273010, 1727275464
02,79335699046, 1727277315, 1727277834
01,79342098718, 1727278444, 1727281033
02,79335699046, 1727279447, 1727284841
02,79342098718, 1727283933, 1727287134
01,79335699046, 1727287307, 1727292548
02,79342098718, 1727288005, 1727291750
02,79342098718, 1727292634, 1727298190
01,79335699046, 1727299523, 1727303904
02,79342098718, 1727301792, 1727302821
01,79342098718, 1727304013, 1727306542
02,79335699046, 1727308978, 1727311316
01,79342098718, 1727310983, 1727311854
02,79342098718, 1727312763, 1727316665
02,79335699046, 1727313453, 1727314864
01,79335699046, 1727315363, 1727318579
02,79342098718, 1727317386, 1727318702
02,79335699046, 1727324329, 1727330754
01,79342098718, 1727325719, 1727328963
02,79335699046, 1727335469, 1727336897
02,79342098718, 1727335719, 1727341213
01,79335699046, 1727339325, 1727343996
02,79342098718, 1727345713, 1727349819
01,79335699046, 1727346378, 1727348279
01,79335699046, 1727352888, 1727356854
02,79342098718, 1727356284, 1727362495
01,79335699046, 1727360044, 1727364895
01,79342098718, 1727365685, 1727371411
02,79335699046, 1727367373, 1727367752
01,79335699046, 1727374084, 1727378970
02,79342098718, 1727375005, 1727381079
01,79335699046, 1727381785, 1727385855
01,79342098718, 1727387864, 1727393766
01,79335699046, 1727392711, 1727397928
01,79342098718, 1727394264, 1727395871
02,79342098718, 1727398225, 1727404006
01,79335699046, 1727399410, 1727404102
01,79335699046, 1727407701, 1727409712
02,79342098718, 1727411006, 1727411483
01,79335699046, 1727412657, 1727417352
01,79342098718, 1727416165, 1727416674
01,79342098718, 1727417267, 1727419619
02,79335699046, 1727418615, 1727422327
01,79342098718, 1727426531, 1727428272
02,79335699046, 1727427907, 1727434434
01,79342098718, 1727432686, 1727434560
02,79342098718, 1727438982, 1727443621
01,79335699046, 1727440179, 1727445789
01,79342098718, 1727449787, 1727452882
02,79335699046, 1727451453, 1727454811
01,79342098718, 1727456026, 1727460705
02,79335699046, 1727457745, 1727458118
02,79335699046, 1727461389, 1727464687
01,79342098718, 1727464597, 1727471685
01,79335699046, 1727467442, 1727471508
02,79342098718, 1727478220, 1727481284
01,79335699046, 1727478388, 1727479319
02,79335699046, 1727483235, 1727485231
02,79342098718, 1727487044, 1727491672
02,79335699046, 1727490461, 1727492205
02,79335699046, 1727495804, 1727499003
02,79342098718, 1727496241, 1727503298
02,79335699046, 1727500140, 1727501722
01,79335699046, 1727507097, 1727509433
02,79342098718, 1727508734, 1727515161
02,79335699046, 1727515342, 1727519154
01,79342098718, 1727517547, 1727523568
01,79342098718, 1727524217, 1727525993
01,79335699046, 1727525838, 1727532409
02,79342098718, 1727530079, 1727534751
01,79342098718, 1727536247, 1727537121
01,79335699046, 1727537808, 1727539747
02,79342098718, 1727543368, 1727548613
02,79335699046, 1727543597, 1727544978
02,79335699046, 1727550480, 1727554278
02,79342098718, 1727555609, 1727558689
01,79335699046, 1727559385, 1727565217
01,79342098718, 1727559912, 1727562684
02,79342098718, 1727569026, 1727569907
02,79335699046, 1727569300, 1727576370
01,79342098718, 1727573586, 1727577735
01,79342098718, 1727578156, 1727583460
01,79335699046, 1727580083, 1727584268
02,79342098718, 1727586320, 1727589252
02,79335699046, 1727587002, 1727587973
02,79335699046, 1727589382, 1727593305
02,79342098718, 1727593776, 1727595477
02,79335699046, 1727596947, 1727603994
02,79342098718, 1727600942, 1727606138
02,79342098718, 1727610035, 1727611083
02,79335699046, 1727610547, 1727614004
02,79342098718, 1727612357, 1727617592
01,79342098718, 1727620351, 1727626146
01,79335699046, 1727620943, 1727621732
02,79335699046, 1727625145, 1727626087
02,79335699046, 1727626661, 1727629536
01,79342098718, 1727629642, 1727634845
02,79335699046, 1727631127, 1727633113
01,79335699046, 1727636830, 1727638491
01,79342098718, 1727637365, 1727639359
02,79342098718, 1727640481, 1727647604
02,79335699046, 1727644503, 1727648057
02,79342098718, 1727648937, 1727650557
