01,79335699046, 1709251200, 1709253480
02,79342098718, 1709251200, 1709255810
02,79335699046, 1709254497, 1709255411
01,79342098718, 1709258483, 1709259233
01,79335699046, 1709259677, 1709261997
01,79342098718, 1709266389, 1709270874
02,79335699046, 1709267246, 1709272275
02,79342098718, 1709276922, 1709283010
02,79335699046, 1709278185, 1709283975
01,79342098718, 1709285581, 1709290106
02,79335699046, 1709288905, 1709290557
02,79335699046, 1709292203, 1709292569
01,79342098718, 1709294650, 1709300350
01,79335699046, 1709298888, 1709300123
02,79335699046, 1709300490, 1709301997
01,79342098718, 1709302753, 1709305241
02,79335699046, 1709308949, 1709311531
02,79342098718, 1709310680, 1709316097
01,79335699046, 1709313837, 1709314903
02,79335699046, 1709317159, 1709320510
01,79342098718, 1709319035, 1709322914
01,79335699046, 1709324194, 1709330289
02,79342098718, 1709326711, 1709332288
02,79335699046, 1709335810, 1709342559
01,79342098718, 1709336533, 1709339657
02,79335699046, 1709345321, 1709352085
02,79342098718, 1709346162, 1709347000
01,79342098718, 1709351310, 1709357878
01,79335699046, 1709358869, 1709363520
01,79342098718, 1709359702, 1709363398
01,79342098718, 1709367220, 1709373179
01,79335699046, 1709369530, 1709373220
01,79342098718, 1709378937, 1709385753
01,79335699046, 1709379760, 1709386384
02,79342098718, 1709386430, 1709393017
02,79335699046, 1709389098, 1709393416
02,79342098718, 1709395450, 1709398453
02,79335699046, 1709395510, 1709396177
01,79342098718, 1709398816, 1709404965
02,79335699046, 1709403289, 1709404043
02,79335699046, 1709405938, 1709410753
02,79342098718, 1709407231, 1709409694
01,79335699046, 1709412112, 1709418652
01,79342098718, 1709416429, 1709422396
01,79335699046, 1709421950, 1709424679
01,79335699046, 1709425949, 1709431653
01,79342098718, 1709427754, 1709430661
02,79342098718, 1709432911, 1709433391
02,79335699046, 1709434069, 1709437136
02,79342098718, 1709438616, 1709443555
01,79335699046, 1709441931, 1709443398
01,79342098718, 1709445732, 1709452423
02,79335699046, 1709450200, 1709450733
01,79342098718, 1709453494, 1709455464
02,79335699046, 1709457445, 1709457931
02,79342098718, 1709459083, 1709463346
02,79335699046, 1709461677, 1709463692
02,79342098718, 1709464463, 1709470686
01,79335699046, 1709468810, 1709474308
02,79342098718, 1709471189, 1709477565
02,79335699046, 1709477283, 1709482568
02,79342098718, 1709484212, 1709485564
01,79335699046, 1709487446, 1709493752
02,79342098718, 1709490103, 1709492493
01,79335699046, 1709496071, 1709497415
01,79342098718, 1709496229, 1709499274
01,79335699046, 1709501536, 1709505928
01,79342098718, 1709505553, 1709508140
02,79335699046, 1709511030, 1709512556
01,79335699046, 1709514626, 1709515895
02,79342098718, 1709515270, 1709516896
02,79335699046, 1709517720, 1709521305
01,79342098718, 1709522785, 1709523976
02,79335699046, 1709524881, 1709527620
01,79342098718, 1709529185, 1709530261
02,79335699046, 1709529525, 1709533474
02,79335699046, 1709536337, 1709540121
01,79342098718, 1709536455, 1709542467
02,79335699046, 1709541864, 1709548259
01,79342098718, 1709547525, 1709551662
02,79335699046, 1709551184, 1709556505
02,79342098718, 1709557287, 1709563895
01,79335699046, 1709558266, 1709565021
02,79342098718, 1709564552, 1709564868
02,79342098718, 1709568459, 1709572430
02,79335699046, 1709569391, 1709573097
02,79335699046, 1709575776, 1709578338
02,79342098718, 1709577606, 1709579449
02,79335699046, 1709581917, 1709588943
02,79342098718, 1709583372, 1709590170
02,79335699046, 1709590790, 1709597795
02,79342098718, 1709591277, 1709598106
01,79342098718, 1709604318, 1709605420
01,79335699046, 1709604876, 1709605664
02,79335699046, 1709606722, 1709611979
02,79342098718, 1709611298, 1709614770
01,79335699046, 1709614077, 1709615881
02,79342098718, 1709617796, 1709623527
01,79335699046, 1709621886, 1709626786
02,79342098718, 1709630161, 1709634508
02,79335699046, 1709632224, 1709637091
02,79335699046, 1709640912, 1709643822
01,79342098718, 1709641522, 1709646555
01,79342098718, 1709647571, 1709650025
02,79335699046, 1709648625, 1709654942
02,79342098718, 1709653020, 1709659728
02,79335699046, 1709656953, 1709660274
01,79342098718, 1709660519, 1709667182
01,79335699046, 1709662675, 1709666080
02,79342098718, 1709672280, 1709678988
01,79335699046, 1709672775, 1709678270
01,79335699046, 1709683704, 1709686436
01,79342098718, 1709685753, 1709689746
01,79335699046, 1709690288, 1709696933
02,79342098718, 1709692459, 1709696502
02,79335699046, 1709699736, 1709703236
01,79342098718, 1709702411, 1709708219
01,79335699046, 1709707974, 1709714252
02,79342098718, 1709708727, 1709712794
01,79342098718, 1709717866, 1709719965
02,79335699046, 1709718538, 1709722643
01,79342098718, 1709723901, 1709726255
01,79335699046, 1709726203, 1709729109
01,79342098718, 1709726838, 1709732452
02,79335699046, 1709735333, 1709740282
01,79342098718, 1709737093, 1709741982
01,79342098718, 1709743379, 1709747547
01,79335699046, 1709745539, 1709750172
01,79342098718, 1709753603, 1709756496
01,79335699046, 1709753956, 1709755315
02,79342098718, 1709757894, 1709761252
01,79335699046, 1709759053, 1709759841
02,79335699046, 1709766706, 1709773644
01,79342098718, 1709767063, 1709772839
02,79335699046, 1709776345, 1709776987
01,79342098718, 1709779483, 1709784930
01,79335699046, 1709781833, 1709786881
02,79342098718, 1709788343, 1709790826
01,79335699046, 1709789038, 1709792862
02,79335699046, 1709793996, 1709800271
01,79342098718, 1709795623, 1709797946
02,79342098718, 1709799179, 1709805854
02,79335699046, 1709803649, 1709810212
01,79342098718, 1709807436, 1709809951
02,79342098718, 1709811693, 1709815007
02,79335699046, 1709813987, 1709820756
01,79342098718, 1709817218, 1709823540
02,79335699046, 1709825496, 1709826992
02,79335699046, 1709827667, 1709833263
02,79342098718, 1709828972, 1709829828
01,79342098718, 1709831968, 1709835218
01,79335699046, 1709837291, 1709837901
02,79335699046, 1709838402, 1709842727
01,79342098718, 1709838689, 1709841283
01,79342098718, 1709841796, 1709845619
02,79335699046, 1709844078, 1709850190
02,79342098718, 1709849878, 1709856495
01,79335699046, 1709856456, 1709860516
02,79342098718, 1709862664, 1709867585
01,79335699046, 1709865912, 1709872486
02,79342098718, 1709871521, 1709877898
01,79335699046, 1709877456, 1709878226
02,79342098718, 1709879692, 1709882066
02,79335699046, 1709885271, 1709890261
01,79342098718, 1709886998, 1709888384
01,79335699046, 1709892343, 1709896958
01,79342098718, 1709893757, 1709896470
01,79342098718, 1709898432, 1709901397
02,79335699046, 1709899392, 1709903668
02,79342098718, 1709901780, 1709908553
02,79335699046, 1709906040, 1709908075
01,79335699046, 1709912585, 1709913568
01,79342098718, 1709914395, 1709919032
01,79335699046, 1709916703, 1709919596
02,79335699046, 1709923406, 1709926917
01,79342098718, 1709924314, 1709927461
01,79335699046, 1709927602, 1709929668
02,79342098718, 1709928260, 1709929336
01,79335699046, 1709931456, 1709936591
01,79342098718, 1709934721, 1709940413
01,79335699046, 1709942656, 1709945393
02,79342098718, 1709946213, 1709948557
02,79342098718, 1709949129, 1709953442
02,79335699046, 1709950474, 1709954277
02,79335699046, 1709957447, 1709958642
02,79342098718, 1709958142, 1709960045
01,79342098718, 1709960417, 1709962509
02,79335699046, 1709961221, 1709967005
01,79342098718, 1709969213, 1709972991
02,79335699046, 1709973637, 1709974479
02,79335699046, 1709975442, 1709977443
02,79342098718, 1709977872, 1709978926
01,79335699046, 1709980480, 1709985095
02,79342098718, 1709984650, 1709988561
01,79335699046, 1709988118, 1709988953
01,79335699046, 1709992364, 1709993137
01,79342098718, 1709995177, 1710000371
02,79335699046, 1709997972, 1709998677
02,79342098718, 1710002710, 1710007892
01,79335699046, 1710004053, 1710008507
01,79342098718, 1710012363, 1710016192
02,79335699046, 1710015289, 1710016833
02,79335699046, 1710021188, 1710021912
02,79335699046, 1710022708, 1710024962
02,79342098718, 1710023223, 1710027741
01,79335699046, 1710027277, 1710027793
01,79335699046, 1710029297, 1710030819
01,79342098718, 1710031254, 1710032052
01,79342098718, 1710035953, 1710037310
01,79335699046, 1710036073, 1710037892
01,79342098718, 1710041254, 1710044768
01,79335699046, 1710044753, 1710047958
01,79342098718, 1710048333, 1710052767
02,79335699046, 1710051766, 1710058153
01,79342098718, 1710059699, 1710061627
01,79335699046, 1710063390, 1710067923
01,79342098718, 1710066826, 1710069534
01,79335699046, 1710072113, 1710077204
01,79342098718, 1710075344, 1710080882
02,79335699046, 1710081021, 1710083979
01,79342098718, 1710086552, 1710090216
01,79335699046, 1710089253, 1710096096
02,79342098718, 1710090686, 1710096722
01,79342098718, 1710099844, 1710100340
02,79335699046, 1710101343, 1710106460
01,79342098718, 1710104130, 1710107985
02,79335699046, 1710113233, 1710113542
02,79342098718, 1710113802, 1710117456
02,79335699046, 1710119104, 1710125529
01,79342098718, 1710119485, 1710126456
01,79335699046, 1710129333, 1710136209
01,79342098718, 1710132990, 1710135542
01,79342098718, 1710142585, 1710143995
01,79335699046, 1710142843, 1710147000
02,79335699046, 1710149532, 1710152247
02,79342098718, 1710151103, 1710153536
02,79335699046, 1710154215, 1710154896
02,79335699046, 1710156725, 1710160361
02,79342098718, 1710159375, 1710164674
02,79335699046, 1710164610, 1710170119
01,79342098718, 1710168260, 1710172093
02,79342098718, 1710173365, 1710178312
01,79335699046, 1710177233, 1710181188
01,79342098718, 1710178696, 1710181507
01,79335699046, 1710183779, 1710184279
02,79342098718, 1710185139, 1710188262
02,79335699046, 1710188374, 1710191459
02,79342098718, 1710192347, 1710197048
02,79335699046, 1710197775, 1710198110
01,79342098718, 1710197832, 1710200731
02,79335699046, 1710203029, 1710204131
01,79342098718, 1710206157, 1710211515
02,79335699046, 1710208999, 1710214692
02,79342098718, 1710214728, 1710216068
01,79335699046, 1710220114, 1710225897
01,79342098718, 1710220404, 1710220959
02,79342098718, 1710225018, 1710231003
01,79342098718, 1710231941, 1710238240
02,79335699046, 1710232226, 1710236072
02,79342098718, 1710239645, 1710240926
01,79335699046, 1710239651, 1710243233
02,79342098718, 1710245681, 1710252448
02,79335699046, 1710248027, 1710253527
01,79342098718, 1710253837, 1710259805
02,79335699046, 1710255539, 1710257346
01,79342098718, 1710260417, 1710264680
01,79335699046, 1710262003, 1710263665
01,79335699046, 1710267500, 1710274323
01,79342098718, 1710271361, 1710275276
01,79335699046, 1710279437, 1710284097
02,79342098718, 1710280957, 1710282617
01,79335699046, 1710286948, 1710293316
02,79342098718, 1710289220, 1710289850
02,79342098718, 1710295529, 1710297941
02,79342098718, 1710299166, 1710304779
01,79335699046, 1710300482, 1710304379
01,79335699046, 1710309267, 1710311684
02,79342098718, 1710311601, 1710315418
01,79335699046, 1710315473, 1710322313
01,79342098718, 1710321700, 1710324320
01,79342098718, 1710326224, 1710332472
01,79335699046, 1710328109, 1710328639
02,79335699046, 1710329363, 1710331109
02,79335699046, 1710334869, 1710337268
02,79342098718, 1710338002, 1710344070
02,79335699046, 1710340190, 1710340851
02,79335699046, 1710341770, 1710347203
02,79335699046, 1710349773, 1710355659
02,79342098718, 1710350664, 1710351715
02,79342098718, 1710354508, 1710360890
02,79335699046, 1710356617, 1710361963
01,79342098718, 1710365611, 1710368756
02,79335699046, 1710368062, 1710370935
01,79342098718, 1710370292, 1710375211
02,79335699046, 1710376441, 1710377611
02,79335699046, 1710379327, 1710380296
01,79342098718, 1710380056, 1710386485
02,79335699046, 1710382955, 1710383786
02,79342098718, 1710388908, 1710392188
02,79335699046, 1710390736, 1710396579
02,79342098718, 1710394584, 1710396899
02,79342098718, 1710402346, 1710406947
02,79335699046, 1710403552, 1710404174
02,79335699046, 1710406158, 1710410751
01,79342098718, 1710409794, 1710410652
02,79342098718, 1710411236, 1710412647
01,79335699046, 1710413688, 1710418176
01,79342098718, 1710418550, 1710418903
01,79335699046, 1710419433, 1710425353
01,79342098718, 1710422018, 1710424551
01,79342098718, 1710425485, 1710432562
02,79335699046, 1710427278, 1710431018
01,79335699046, 1710436572, 1710442711
01,79342098718, 1710438125, 1710440357
01,79342098718, 1710441396, 1710446823
01,79335699046, 1710448204, 1710451036
01,79342098718, 1710449485, 1710455809
01,79335699046, 1710451437, 1710455752
01,79342098718, 1710460765, 1710463497
01,79335699046, 1710461747, 1710466658
01,79335699046, 1710468947, 1710473202
02,79342098718, 1710469780, 1710476825
02,79335699046, 1710474120, 1710478953
01,79335699046, 1710479557, 1710482062
01,79342098718, 1710483256, 1710483889
02,79335699046, 1710485318, 1710492055
01,79342098718, 1710490995, 1710491554
02,79335699046, 1710493233, 1710497281
01,79342098718, 1710494427, 1710497388
02,79335699046, 1710499786, 1710504190
02,79342098718, 1710501303, 1710502843
02,79342098718, 1710506182, 1710507008
01,79335699046, 1710510586, 1710513976
01,79342098718, 1710510909, 1710517613
01,79335699046, 1710516652, 1710519740
01,79342098718, 1710523488, 1710524387
02,79335699046, 1710523794, 1710525735
02,79342098718, 1710527202, 1710530581
01,79335699046, 1710528004, 1710534925
02,79342098718, 1710533044, 1710538449
01,79335699046, 1710536474, 1710538275
02,79342098718, 1710538807, 1710540571
02,79335699046, 1710545383, 1710550959
02,79342098718, 1710547024, 1710547574
01,79342098718, 1710548989, 1710554271
01,79342098718, 1710555575, 1710555954
01,79335699046, 1710556072, 1710559041
01,79342098718, 1710559757, 1710562805
01,79335699046, 1710566135, 1710566913
02,79335699046, 1710568996, 1710572947
02,79342098718, 1710569527, 1710573533
01,79335699046, 1710574704, 1710579043
01,79342098718, 1710580010, 1710582681
01,79342098718, 1710584892, 1710587918
01,79335699046, 1710585738, 1710589221
02,79342098718, 1710590993, 1710591424
02,79335699046, 1710593624, 1710594464
02,79342098718, 1710594569, 1710599756
02,79335699046, 1710598678, 1710599974
01,79335699046, 1710603806, 1710608134
02,79342098718, 1710604609, 1710609779
01,79342098718, 1710613778, 1710616661
01,79335699046, 1710615205, 1710619915
02,79342098718, 1710622991, 1710627092
01,79335699046, 1710626972, 1710631278
02,79342098718, 1710627924, 1710634827
01,79335699046, 1710633546, 1710637794
01,79342098718, 1710635472, 1710640985
02,79335699046, 1710639096, 1710645992
02,79342098718, 1710646198, 1710647178
01,79335699046, 1710647332, 1710648402
02,79342098718, 1710653188, 1710660023
01,79335699046, 1710654881, 1710656688
02,79342098718, 1710660511, 1710661081
02,79335699046, 1710663387, 1710666910
01,79342098718, 1710667136, 1710673645
02,79335699046, 1710673682, 1710680629
02,79342098718, 1710680839, 1710681966
02,79335699046, 1710681975, 1710683747
02,79335699046, 1710684169, 1710689068
01,79342098718, 1710687064, 1710691911
02,79335699046, 1710691269, 1710694666
01,79342098718, 1710692539, 1710696100
01,79335699046, 1710697443, 1710700670
01,79342098718, 1710699872, 1710700998
01,79342098718, 1710702600, 1710705432
01,79335699046, 1710702701, 1710706007
01,79342098718, 1710710810, 1710714434
01,79335699046, 1710712031, 1710713329
02,79342098718, 1710717233, 1710721380
02,79335699046, 1710720327, 1710724761
01,79342098718, 1710726168, 1710728086
01,79335699046, 1710729393, 1710730180
02,79342098718, 1710731415, 1710734554
01,79335699046, 1710732084, 1710733396
02,79335699046, 1710740198, 1710745854
01,79342098718, 1710741438, 1710742302
02,79342098718, 1710746478, 1710750649
01,79335699046, 1710748480, 1710749990
01,79342098718, 1710751275, 1710753896
01,79335699046, 1710751695, 1710754383
01,79342098718, 1710755531, 1710758362
02,79335699046, 1710761186, 1710768285
01,79342098718, 1710765536, 1710771963
01,79335699046, 1710772113, 1710776384
02,79342098718, 1710777880, 1710782111
02,79335699046, 1710781536, 1710783146
01,79342098718, 1710783529, 1710790443
02,79335699046, 1710787230, 1710790989
02,79335699046, 1710792961, 1710797118
01,79342098718, 1710794201, 1710797704
02,79335699046, 1710798367, 1710798982
02,79342098718, 1710798611, 1710803025
02,79335699046, 1710803717, 1710805981
02,79342098718, 1710804812, 1710809597
01,79335699046, 1710808501, 1710812754
01,79342098718, 1710812284, 1710818100
02,79335699046, 1710815876, 1710818562
02,79342098718, 1710821588, 1710828237
02,79335699046, 1710825152, 1710832172
02,79342098718, 1710829226, 1710835024
02,79342098718, 1710836013, 1710840566
02,79335699046, 1710836958, 1710841837
02,79342098718, 1710840938, 1710841552
01,79335699046, 1710843752, 1710845289
02,79342098718, 1710845640, 1710848209
02,79335699046, 1710851849, 1710856013
02,79342098718, 1710855358, 1710859014
02,79335699046, 1710861066, 1710867784
01,79342098718, 1710863601, 1710870118
02,79335699046, 1710869701, 1710873769
01,79342098718, 1710872755, 1710873311
01,79342098718, 1710876672, 1710878482
02,79335699046, 1710880045, 1710882051
02,79342098718, 1710882078, 1710887789
02,79335699046, 1710888141, 1710892901
02,79342098718, 1710894799, 1710898642
02,79335699046, 1710900084, 1710901632
02,79342098718, 1710904223, 1710907478
01,79335699046, 1710906957, 1710912526
01,79342098718, 1710912698, 1710917710
01,79335699046, 1710919152, 1710922742
01,79342098718, 1710922568, 1710926849
02,79335699046, 1710929317, 1710935564
02,79342098718, 1710930159, 1710935101
02,79342098718, 1710938491, 1710940367
01,79335699046, 1710942309, 1710946894
02,79342098718, 1710946815, 1710952670
01,79335699046, 1710948387, 1710955429
02,79342098718, 1710956616, 1710962040
01,79335699046, 1710958953, 1710964948
02,79342098718, 1710968413, 1710973554
01,79335699046, 1710969838, 1710975559
02,79342098718, 1710977252, 1710977664
01,79342098718, 1710978178, 1710979796
01,79335699046, 1710981027, 1710981485
01,79342098718, 1710984919, 1710988510
02,79335699046, 1710988512, 1710993482
01,79342098718, 1710995221, 1710997107
02,79335699046, 1710995423, 1711002091
01,79342098718, 1711001117, 1711001910
01,79342098718, 1711004846, 1711007386
02,79335699046, 1711008983, 1711009291
01,79342098718, 1711012148, 1711017297
02,79335699046, 1711015081, 1711018654
01,79342098718, 1711017687, 1711024427
01,79335699046, 1711021953, 1711025487
02,79342098718, 1711028930, 1711032421
01,79335699046, 1711031946, 1711039014
02,79342098718, 1711038709, 1711043163
01,79335699046, 1711045072, 1711046725
01,79342098718, 1711048838, 1711049966
01,79342098718, 1711051075, 1711053395
01,79335699046, 1711051179, 1711056886
02,79342098718, 1711059921, 1711066504
01,79335699046, 1711060950, 1711067603
01,79342098718, 1711070827, 1711077613
01,79335699046, 1711070965, 1711071983
01,79335699046, 1711075923, 1711079401
01,79342098718, 1711078756, 1711082847
02,79342098718, 1711084213, 1711089512
01,79335699046, 1711084925, 1711091515
02,79335699046, 1711092650, 1711096783
02,79342098718, 1711095357, 1711102088
02,79335699046, 1711103254, 1711105293
01,79342098718, 1711105088, 1711110225
02,79335699046, 1711111271, 1711114773
01,79342098718, 1711114197, 1711116832
01,79335699046, 1711115660, 1711120503
02,79342098718, 1711122237, 1711127523
01,79335699046, 1711123936, 1711125128
01,79335699046, 1711126291, 1711133222
01,79342098718, 1711133489, 1711139605
01,79335699046, 1711136029, 1711142665
01,79342098718, 1711144161, 1711148470
01,79335699046, 1711148285, 1711150582
01,79335699046, 1711152824, 1711154555
01,79342098718, 1711155172, 1711162311
02,79335699046, 1711160013, 1711162593
01,79335699046, 1711164655, 1711165646
02,79342098718, 1711167904, 1711169848
02,79335699046, 1711168209, 1711172108
01,79342098718, 1711175312, 1711181506
02,79335699046, 1711177738, 1711184860
01,79335699046, 1711187250, 1711190435
01,79342098718, 1711188475, 1711190435
01,79342098718, 1711191440, 1711198639
01,79335699046, 1711194837, 1711197415
01,79335699046, 1711200313, 1711204642
01,79342098718, 1711202487, 1711208558
01,79335699046, 1711208803, 1711210412
01,79335699046, 1711214376, 1711217131
02,79342098718, 1711215744, 1711219271
01,79335699046, 1711223306, 1711228099
02,79342098718, 1711225984, 1711232527
01,79335699046, 1711229514, 1711235721
01,79342098718, 1711233001, 1711236725
01,79342098718, 1711240390, 1711245537
01,79335699046, 1711242749, 1711245126
01,79335699046, 1711247529, 1711251915
02,79335699046, 1711252260, 1711256342
02,79342098718, 1711252523, 1711254675
02,79342098718, 1711255552, 1711257323
02,79335699046, 1711262458, 1711263363
01,79342098718, 1711262724, 1711268741
02,79335699046, 1711264882, 1711268914
01,79335699046, 1711269480, 1711274405
01,79342098718, 1711272659, 1711274956
02,79342098718, 1711275332, 1711282033
01,79335699046, 1711279083, 1711282364
02,79335699046, 1711287154, 1711292507
01,79342098718, 1711288490, 1711289681
01,79342098718, 1711293263, 1711296910
02,79335699046, 1711295090, 1711299242
01,79335699046, 1711303238, 1711307979
01,79342098718, 1711303453, 1711305614
02,79342098718, 1711308367, 1711311136
02,79335699046, 1711308629, 1711309637
01,79335699046, 1711316258, 1711320349
02,79342098718, 1711317052, 1711318758
01,79342098718, 1711320264, 1711322345
02,79342098718, 1711325840, 1711331312
02,79335699046, 1711326316, 1711328472
02,79335699046, 1711331451, 1711335957
01,79342098718, 1711333891, 1711337194
02,79342098718, 1711341071, 1711344312
02,79335699046, 1711342721, 1711348516
02,79342098718, 1711346576, 1711347008
02,79342098718, 1711352888, 1711356789
02,79335699046, 1711355451, 1711360962
01,79342098718, 1711359325, 1711361783
01,79342098718, 1711364590, 1711371377
02,79335699046, 1711367674, 1711374603
02,79342098718, 1711373879, 1711374703
01,79342098718, 1711375320, 1711376007
01,79335699046, 1711376874, 1711379276
02,79342098718, 1711378011, 1711382860
01,79342098718, 1711385134, 1711388373
02,79335699046, 1711385267, 1711389799
02,79342098718, 1711394388, 1711401237
02,79335699046, 1711396209, 1711399654
02,79335699046, 1711400929, 1711404018
02,79342098718, 1711405262, 1711405767
01,79335699046, 1711410447, 1711416081
01,79342098718, 1711412848, 1711415419
01,79342098718, 1711417243, 1711423617
01,79335699046, 1711419212, 1711422163
02,79335699046, 1711424567, 1711430967
01,79342098718, 1711425749, 1711432516
01,79335699046, 1711437569, 1711443316
01,79342098718, 1711438070, 1711445199
02,79342098718, 1711447251, 1711451962
02,79335699046, 1711449994, 1711451786
02,79342098718, 1711452502, 1711456839
02,79335699046, 1711457705, 1711458692
02,79342098718, 1711458524, 1711465350
02,79335699046, 1711463855, 1711467599
02,79342098718, 1711467338, 1711470064
01,79335699046, 1711468664, 1711472772
01,79342098718, 1711471427, 1711477736
02,79335699046, 1711476112, 1711479115
01,79342098718, 1711480199, 1711484829
01,79335699046, 1711484481, 1711489456
01,79342098718, 1711486984, 1711490498
02,79342098718, 1711492420, 1711495385
01,79335699046, 1711493220, 1711495675
01,79342098718, 1711496732, 1711498715
01,79335699046, 1711500172, 1711505975
01,79342098718, 1711501571, 1711503966
01,79335699046, 1711507908, 1711510465
02,79342098718, 1711508823, 1711510258
01,79342098718, 1711513859, 1711516413
01,79335699046, 1711514857, 1711521722
01,79342098718, 1711521013, 1711525365
01,79335699046, 1711528027, 1711532666
02,79342098718, 1711529735, 1711534156
01,79335699046, 1711539338, 1711544824
02,79342098718, 1711540253, 1711543942
01,79342098718, 1711547276, 1711547935
01,79335699046, 1711547481, 1711553642
01,79342098718, 1711551037, 1711558021
01,79335699046, 1711554806, 1711557684
01,79335699046, 1711558469, 1711563002
01,79342098718, 1711562367, 1711568878
02,79335699046, 1711567543, 1711573365
02,79342098718, 1711572635, 1711578916
01,79335699046, 1711576655, 1711577223
01,79342098718, 1711580818, 1711583138
02,79335699046, 1711582885, 1711587864
01,79342098718, 1711585946, 1711587627
02,79342098718, 1711591127, 1711592779
02,79335699046, 1711592328, 1711596807
01,79342098718, 1711598099, 1711601620
01,79335699046, 1711601141, 1711602848
01,79335699046, 1711603375, 1711608939
01,79342098718, 1711605793, 1711609834
02,79342098718, 1711614378, 1711614821
02,79342098718, 1711615575, 1711618222
01,79335699046, 1711615858, 1711620951
02,79335699046, 1711623937, 1711629051
02,79342098718, 1711625386, 1711630349
02,79342098718, 1711630738, 1711631865
01,79335699046, 1711631533, 1711635377
01,79335699046, 1711637716, 1711640356
02,79342098718, 1711638132, 1711642732
02,79335699046, 1711641949, 1711644083
01,79335699046, 1711646553, 1711651649
01,79342098718, 1711648418, 1711650164
01,79342098718, 1711656531, 1711658246
02,79335699046, 1711658732, 1711662571
02,79342098718, 1711663631, 1711669742
01,79335699046, 1711668320, 1711671421
02,79342098718, 1711670234, 1711674955
01,79335699046, 1711674843, 1711678976
01,79342098718, 1711679509, 1711685063
01,79335699046, 1711685793, 1711691600
02,79342098718, 1711691719, 1711697779
01,79335699046, 1711693467, 1711694621
01,79335699046, 1711695308, 1711697323
01,79335699046, 1711698124, 1711702881
02,79342098718, 1711703864, 1711704724
01,79335699046, 1711704899, 1711705643
01,79335699046, 1711706927, 1711710314
01,79342098718, 1711708110, 1711714809
01,79335699046, 1711711986, 1711716490
01,79342098718, 1711716349, 1711716789
01,79335699046, 1711722576, 1711728062
02,79342098718, 1711722826, 1711727580
02,79342098718, 1711729478, 1711729794
02,79342098718, 1711730782, 1711737160
01,79335699046, 1711734054, 1711737051
01,79342098718, 1711738061, 1711744579
02,79335699046, 1711739792, 1711741412
01,79335699046, 1711746864, 1711751175
01,79342098718, 1711748619, 1711751389
01,79335699046, 1711753176, 1711759057
01,79342098718, 1711756537, 1711759265
01,79335699046, 1711761298, 1711766856
02,79342098718, 1711763587, 1711764091
02,79342098718, 1711765883, 1711769653
01,79335699046, 1711771247, 1711772530
02,79342098718, 1711771940, 1711774652
01,79335699046, 1711775599, 1711777633
02,79342098718, 1711780457, 1711785560
01,79335699046, 1711780533, 1711787073
01,79335699046, 1711790328, 1711791959
02,79342098718, 1711791474, 1711791812
01,79335699046, 1711792766, 1711794373
01,79342098718, 1711793213, 1711794887
01,79335699046, 1711795670, 1711802790
02,79342098718, 1711797213, 1711804029
02,79342098718, 1711805646, 1711810060
01,79335699046, 1711809045, 1711815185
02,79342098718, 1711812589, 1711819338
01,79335699046, 1711819824, 1711822496
01,79335699046, 1711823989, 1711828521
02,79342098718, 1711824282, 1711828768
02,79335699046, 1711830741, 1711835576
01,79342098718, 1711833657, 1711837070
02,79335699046, 1711838320, 1711839972
