02,79335699046, 1706745600, 1706751858
01,79342098718, 1706745600, 1706746056
01,79342098718, 1706746670, 1706749578
02,79342098718, 1706752451, 1706754336
02,79335699046, 1706753497, 1706759009
01,79342098718, 1706755280, 1706760872
01,79342098718, 1706761201, 1706767494
01,79335699046, 1706762643, 1706764687
02,79335699046, 1706764987, 1706768574
02,79342098718, 1706771267, 1706772638
01,79335699046, 1706775640, 1706782008
02,79342098718, 1706777589, 1706778235
02,79342098718, 1706781103, 1706781950
01,79342098718, 1706783276, 1706787731
01,79335699046, 1706788902, 1706794301
01,79342098718, 1706789301, 1706792211
02,79342098718, 1706793670, 1706795560
02,79342098718, 1706797398, 1706803627
02,79335699046, 1706801118, 1706805367
01,79335699046, 1706809223, 1706809756
01,79342098718, 1706810532, 1706814886
02,79335699046, 1706816193, 1706820442
02,79342098718, 1706819027, 1706821417
02,79335699046, 1706823091, 1706828370
01,79342098718, 1706825535, 1706831243
01,79335699046, 1706833740, 1706835992
01,79342098718, 1706835532, 1706836963
02,79335699046, 1706838150, 1706844925
02,79342098718, 1706842001, 1706845037
02,79342098718, 1706846858, 1706847573
01,79335699046, 1706847650, 1706849257
01,79342098718, 1706849688, 1706853617
01,79335699046, 1706855599, 1706861417
02,79342098718, 1706860507, 1706860921
02,79342098718, 1706865861, 1706869596
02,79335699046, 1706866933, 1706871800
01,79342098718, 1706870569, 1706874889
01,79342098718, 1706876583, 1706877255
01,79335699046, 1706877684, 1706881181
02,79342098718, 1706880841, 1706884200
01,79342098718, 1706886712, 1706893469
02,79335699046, 1706887545, 1706890697
02,79335699046, 1706891109, 1706891713
01,79335699046, 1706892413, 1706894955
02,79335699046, 1706895600, 1706898311
01,79342098718, 1706899622, 1706904150
01,79335699046, 1706899837, 1706905456
01,79342098718, 1706908452, 1706909536
02,79342098718, 1706910139, 1706910776
02,79335699046, 1706911327, 1706917416
01,79342098718, 1706912446, 1706913921
01,79342098718, 1706916693, 1706917327
01,79335699046, 1706920396, 1706920837
01,79342098718, 1706921687, 1706922124
01,79342098718, 1706925940, 1706929654
02,79335699046, 1706926915, 1706929608
01,79342098718, 1706934143, 1706940880
01,79335699046, 1706934413, 1706935728
01,79335699046, 1706941323, 1706948040
02,79342098718, 1706944668, 1706949854
02,79335699046, 1706948649, 1706951432
02,79342098718, 1706951385, 1706958268
02,79335699046, 1706958043, 1706960918
02,79342098718, 1706964648, 1706967560
01,79335699046, 1706967125, 1706970159
01,79342098718, 1706970056, 1706976015
01,79335699046, 1706976500, 1706983527
02,79342098718, 1706983118, 1706989900
02,79335699046, 1706984586, 1706990621
01,79335699046, 1706993081, 1706999343
01,79342098718, 1706996300, 1707000353
02,79335699046, 1707001068, 1707006631
02,79342098718, 1707004220, 1707008394
01,79335699046, 1707008514, 1707012138
02,79342098718, 1707013302, 1707015341
02,79335699046, 1707014975, 1707016838
02,79342098718, 1707017503, 1707020360
02,79335699046, 1707017648, 1707022473
02,79342098718, 1707026437, 1707027779
01,79335699046, 1707027353, 1707028842
02,79335699046, 1707032980, 1707036866
01,79342098718, 1707033761, 1707037801
01,79335699046, 1707039081, 1707041997
01,79342098718, 1707040979, 1707041955
02,79342098718, 1707043573, 1707046656
01,79335699046, 1707048221, 1707054837
02,79342098718, 1707048840, 1707052787
02,79342098718, 1707053940, 1707060073
01,79335699046, 1707059440, 1707064725
01,79342098718, 1707065653, 1707070936
02,79335699046, 1707066109, 1707068631
01,79342098718, 1707071696, 1707077258
01,79335699046, 1707073149, 1707080220
02,79335699046, 1707080525, 1707083864
01,79342098718, 1707081156, 1707086126
01,79342098718, 1707088146, 1707088934
02,79342098718, 1707089955, 1707093336
02,79335699046, 1707090682, 1707095665
01,79342098718, 1707097686, 1707101511
02,79335699046, 1707101210, 1707105042
02,79342098718, 1707104485, 1707107709
02,79335699046, 1707108386, 1707112732
01,79342098718, 1707112605, 1707118247
02,79335699046, 1707118118, 1707123622
01,79342098718, 1707124857, 1707129476
02,79335699046, 1707127977, 1707132070
02,79342098718, 1707131277, 1707136945
01,79335699046, 1707135957, 1707140175
02,79342098718, 1707140270, 1707141498
02,79342098718, 1707142707, 1707144572
02,79335699046, 1707145461, 1707151335
02,79342098718, 1707145909, 1707146433
02,79342098718, 1707151832, 1707157614
02,79342098718, 1707158151, 1707160416
01,79335699046, 1707158193, 1707162373
01,79342098718, 1707165256, 1707168544
01,79335699046, 1707167193, 1707171622
02,79342098718, 1707169291, 1707170913
02,79342098718, 1707175649, 1707182607
02,79335699046, 1707175906, 1707179575
02,79335699046, 1707180122, 1707186364
02,79342098718, 1707186219, 1707189682
02,79335699046, 1707189540, 1707195365
01,79342098718, 1707190281, 1707194657
02,79335699046, 1707196634, 1707202157
01,79342098718, 1707199736, 1707205041
02,79335699046, 1707202713, 1707209147
02,79342098718, 1707211724, 1707212481
01,79335699046, 1707213471, 1707217058
02,79342098718, 1707216900, 1707222318
01,79335699046, 1707221895, 1707226130
01,79342098718, 1707225068, 1707227496
01,79335699046, 1707229282, 1707232003
02,79342098718, 1707232215, 1707237801
01,79335699046, 1707232428, 1707235773
02,79335699046, 1707239129, 1707244967
02,79342098718, 1707243157, 1707243823
01,79342098718, 1707244704, 1707246605
01,79342098718, 1707250422, 1707253807
02,79335699046, 1707251035, 1707255229
01,79335699046, 1707259650, 1707259955
02,79342098718, 1707259891, 1707266540
02,79335699046, 1707261739, 1707265528
01,79342098718, 1707269192, 1707273416
01,79335699046, 1707270899, 1707275207
02,79342098718, 1707276832, 1707283592
02,79335699046, 1707278138, 1707282939
02,79335699046, 1707285853, 1707291018
01,79342098718, 1707288728, 1707293802
02,79342098718, 1707295832, 1707301315
01,79335699046, 1707298026, 1707298840
01,79335699046, 1707299604, 1707304613
01,79342098718, 1707301912, 1707305934
02,79335699046, 1707305034, 1707307136
01,79342098718, 1707306714, 1707309919
02,79335699046, 1707313842, 1707320352
01,79342098718, 1707314041, 1707315406
01,79342098718, 1707320596, 1707324275
01,79335699046, 1707324904, 1707331841
02,79342098718, 1707330160, 1707335947
02,79335699046, 1707333385, 1707339392
02,79342098718, 1707338191, 1707343598
02,79335699046, 1707343207, 1707346550
02,79335699046, 1707347653, 1707354768
01,79342098718, 1707349985, 1707351992
01,79342098718, 1707357022, 1707357686
01,79342098718, 1707360858, 1707362667
02,79335699046, 1707360918, 1707367101
01,79342098718, 1707363978, 1707369528
01,79335699046, 1707368587, 1707374838
01,79342098718, 1707372343, 1707376586
01,79342098718, 1707377379, 1707384324
01,79335699046, 1707378695, 1707379100
01,79335699046, 1707385217, 1707387639
01,79342098718, 1707389436, 1707391642
01,79335699046, 1707394290, 1707395384
01,79342098718, 1707397370, 1707403677
01,79335699046, 1707398947, 1707405252
02,79342098718, 1707406848, 1707413200
02,79335699046, 1707408851, 1707410243
02,79335699046, 1707414214, 1707417186
01,79342098718, 1707417965, 1707418457
01,79335699046, 1707419768, 1707425449
02,79342098718, 1707420619, 1707421997
01,79342098718, 1707425180, 1707428893
02,79335699046, 1707429994, 1707430860
01,79342098718, 1707431956, 1707436786
02,79335699046, 1707434806, 1707439743
01,79342098718, 1707443133, 1707446788
01,79335699046, 1707443717, 1707447757
02,79335699046, 1707450516, 1707453524
02,79342098718, 1707452616, 1707457646
01,79335699046, 1707460558, 1707466095
02,79342098718, 1707462843, 1707463944
02,79335699046, 1707470158, 1707475156
01,79342098718, 1707471060, 1707477285
02,79342098718, 1707479036, 1707482310
01,79335699046, 1707480722, 1707487425
02,79342098718, 1707482665, 1707483980
02,79342098718, 1707488124, 1707494946
02,79335699046, 1707492008, 1707496145
01,79342098718, 1707498555, 1707501876
02,79335699046, 1707499716, 1707502694
02,79342098718, 1707506694, 1707510888
02,79335699046, 1707506774, 1707512659
02,79335699046, 1707514170, 1707517308
02,79342098718, 1707514355, 1707521375
02,79335699046, 1707521852, 1707522736
01,79342098718, 1707523733, 1707527492
02,79335699046, 1707525239, 1707529799
01,79342098718, 1707528975, 1707529313
02,79335699046, 1707532795, 1707537396
01,79342098718, 1707533458, 1707534296
01,79342098718, 1707536572, 1707537875
02,79335699046, 1707543469, 1707550495
01,79342098718, 1707543636, 1707549267
02,79335699046, 1707552578, 1707557417
01,79342098718, 1707556310, 1707558399
02,79335699046, 1707559496, 1707562159
02,79335699046, 1707563768, 1707564815
02,79342098718, 1707564415, 1707567549
01,79335699046, 1707566752, 1707569082
01,79342098718, 1707571874, 1707577197
01,79335699046, 1707572615, 1707576237
02,79335699046, 1707582090, 1707585376
02,79342098718, 1707582371, 1707586954
02,79342098718, 1707588718, 1707592814
01,79335699046, 1707591445, 1707595742
01,79342098718, 1707595652, 1707598122
01,79335699046, 1707596591, 1707601783
01,79342098718, 1707600294, 1707603390
01,79335699046, 1707602491, 1707606623
02,79342098718, 1707610529, 1707615278
01,79335699046, 1707611222, 1707615525
02,79342098718, 1707618622, 1707624447
02,79335699046, 1707619232, 1707620858
01,79335699046, 1707622291, 1707623247
02,79335699046, 1707626460, 1707631947
01,79342098718, 1707628788, 1707631663
02,79342098718, 1707638241, 1707645385
01,79335699046, 1707638381, 1707641998
02,79335699046, 1707645962, 1707647093
01,79342098718, 1707648103, 1707653214
01,79335699046, 1707649919, 1707653946
01,79342098718, 1707657960, 1707659856
01,79335699046, 1707658928, 1707663527
02,79342098718, 1707664272, 1707665081
01,79342098718, 1707666031, 1707672286
02,79335699046, 1707667141, 1707672917
02,79342098718, 1707674027, 1707678777
01,79335699046, 1707679781, 1707680484
02,79335699046, 1707681400, 1707683748
01,79335699046, 1707684075, 1707686438
01,79342098718, 1707684927, 1707688107
01,79335699046, 1707688280, 1707690449
02,79335699046, 1707693101, 1707696873
02,79342098718, 1707693238, 1707699416
01,79342098718, 1707700727, 1707705495
02,79335699046, 1707701914, 1707702952
02,79335699046, 1707706786, 1707711612
02,79342098718, 1707710549, 1707713480
01,79335699046, 1707713210, 1707713943
01,79342098718, 1707713933, 1707715502
01,79342098718, 1707717197, 1707721854
01,79335699046, 1707718899, 1707723890
02,79342098718, 1707726678, 1707726992
02,79335699046, 1707729298, 1707730965
01,79342098718, 1707733882, 1707738007
02,79335699046, 1707734689, 1707735744
02,79335699046, 1707738366, 1707740751
01,79342098718, 1707740222, 1707744846
01,79342098718, 1707746282, 1707749065
01,79335699046, 1707747227, 1707749995
01,79342098718, 1707753422, 1707759086
01,79335699046, 1707756180, 1707761922
02,79335699046, 1707762906, 1707767296
01,79342098718, 1707764641, 1707770873
02,79335699046, 1707770341, 1707774897
01,79342098718, 1707771275, 1707772664
01,79335699046, 1707775877, 1707782484
01,79342098718, 1707776736, 1707777202
02,79342098718, 1707780242, 1707782687
01,79342098718, 1707783543, 1707786277
01,79335699046, 1707789129, 1707790227
01,79335699046, 1707792967, 1707797479
02,79342098718, 1707793024, 1707794032
02,79342098718, 1707799663, 1707803427
02,79335699046, 1707800908, 1707801283
02,79335699046, 1707801913, 1707805420
01,79342098718, 1707806925, 1707813572
02,79335699046, 1707811252, 1707818425
01,79335699046, 1707819718, 1707822771
02,79342098718, 1707820213, 1707827358
02,79335699046, 1707823670, 1707827074
02,79335699046, 1707834154, 1707836816
02,79342098718, 1707834200, 1707835220
01,79342098718, 1707838986, 1707845366
01,79335699046, 1707843949, 1707845018
01,79342098718, 1707848080, 1707855255
02,79335699046, 1707849143, 1707852184
01,79335699046, 1707856093, 1707861213
01,79342098718, 1707860269, 1707862352
01,79335699046, 1707861581, 1707865011
01,79342098718, 1707865320, 1707865758
01,79342098718, 1707867372, 1707870972
02,79335699046, 1707870413, 1707872318
01,79335699046, 1707875962, 1707878532
02,79342098718, 1707877795, 1707880262
02,79335699046, 1707882673, 1707885569
01,79342098718, 1707884348, 1707885441
01,79335699046, 1707885911, 1707887328
02,79342098718, 1707888165, 1707894087
02,79335699046, 1707892046, 1707897343
02,79342098718, 1707896343, 1707899198
02,79335699046, 1707903768, 1707909927
02,79342098718, 1707906245, 1707906871
01,79342098718, 1707912149, 1707914265
02,79335699046, 1707912924, 1707918415
02,79342098718, 1707919885, 1707920634
01,79335699046, 1707923661, 1707929058
02,79342098718, 1707924558, 1707925170
02,79335699046, 1707930118, 1707936611
01,79342098718, 1707931837, 1707937844
02,79335699046, 1707940018, 1707941219
01,79342098718, 1707941197, 1707947708
02,79335699046, 1707945326, 1707948307
02,79342098718, 1707950798, 1707957075
01,79335699046, 1707952914, 1707954363
01,79342098718, 1707957547, 1707961700
01,79335699046, 1707959986, 1707965171
02,79342098718, 1707965938, 1707968832
02,79335699046, 1707968502, 1707969026
01,79335699046, 1707974069, 1707977854
02,79342098718, 1707975422, 1707982336
01,79335699046, 1707984110, 1707988160
01,79342098718, 1707987698, 1707990145
02,79335699046, 1707990309, 1707991824
01,79342098718, 1707995384, 1707997945
01,79335699046, 1707996110, 1707999155
01,79335699046, 1708002009, 1708003541
01,79342098718, 1708004569, 1708008158
01,79335699046, 1708010385, 1708015287
02,79342098718, 1708011193, 1708012752
02,79342098718, 1708018560, 1708024759
02,79335699046, 1708021493, 1708022292
02,79335699046, 1708024781, 1708028908
01,79342098718, 1708026031, 1708031377
01,79335699046, 1708033835, 1708040057
02,79342098718, 1708037007, 1708038567
01,79342098718, 1708041657, 1708046245
02,79342098718, 1708046601, 1708047739
02,79335699046, 1708047152, 1708048844
02,79335699046, 1708052932, 1708055434
01,79342098718, 1708052946, 1708058357
02,79335699046, 1708058316, 1708064500
02,79342098718, 1708063735, 1708069552
02,79335699046, 1708068329, 1708073621
01,79342098718, 1708071560, 1708076098
02,79335699046, 1708075226, 1708078510
02,79342098718, 1708079601, 1708086148
02,79335699046, 1708081732, 1708084079
01,79335699046, 1708084469, 1708087813
01,79342098718, 1708091084, 1708097441
01,79335699046, 1708091507, 1708095363
02,79335699046, 1708096659, 1708097730
01,79335699046, 1708100772, 1708101948
02,79342098718, 1708102378, 1708109162
02,79335699046, 1708109127, 1708111205
02,79335699046, 1708112324, 1708113723
01,79342098718, 1708113222, 1708116266
02,79335699046, 1708116482, 1708118367
01,79342098718, 1708119474, 1708122564
01,79335699046, 1708120480, 1708124921
02,79342098718, 1708125452, 1708128926
02,79335699046, 1708131886, 1708135327
02,79342098718, 1708133838, 1708134469
01,79342098718, 1708137583, 1708140556
02,79335699046, 1708141121, 1708143544
01,79342098718, 1708144090, 1708149830
01,79335699046, 1708144166, 1708149244
02,79335699046, 1708153920, 1708156284
01,79342098718, 1708155503, 1708159208
01,79342098718, 1708160314, 1708162256
01,79335699046, 1708161546, 1708167254
02,79342098718, 1708169261, 1708176234
02,79335699046, 1708171492, 1708173340
01,79335699046, 1708178934, 1708180807
02,79342098718, 1708179360, 1708183184
01,79342098718, 1708184950, 1708189581
01,79335699046, 1708186145, 1708189488
02,79342098718, 1708193759, 1708199754
01,79335699046, 1708195875, 1708201897
02,79342098718, 1708202805, 1708206737
01,79335699046, 1708205732, 1708212259
01,79342098718, 1708209612, 1708211071
01,79342098718, 1708214197, 1708217114
02,79335699046, 1708214411, 1708218350
01,79342098718, 1708218208, 1708223803
01,79335699046, 1708222524, 1708227100
01,79335699046, 1708228474, 1708230608
02,79342098718, 1708228640, 1708232289
01,79342098718, 1708234701, 1708236986
01,79335699046, 1708235149, 1708235834
02,79342098718, 1708239741, 1708243800
02,79335699046, 1708240573, 1708246817
01,79342098718, 1708244708, 1708246271
01,79342098718, 1708248405, 1708254069
02,79335699046, 1708250608, 1708257376
01,79335699046, 1708258031, 1708265154
01,79342098718, 1708261059, 1708266944
02,79335699046, 1708267502, 1708273050
01,79342098718, 1708268805, 1708269355
02,79342098718, 1708270865, 1708275501
01,79342098718, 1708277500, 1708277800
02,79335699046, 1708277766, 1708279109
02,79342098718, 1708279788, 1708282968
02,79342098718, 1708283695, 1708287324
02,79335699046, 1708284985, 1708290004
02,79342098718, 1708289139, 1708289662
02,79335699046, 1708290630, 1708291802
02,79342098718, 1708291047, 1708296160
02,79335699046, 1708298052, 1708304902
02,79342098718, 1708299940, 1708305729
02,79335699046, 1708307292, 1708313914
02,79342098718, 1708311151, 1708314622
02,79335699046, 1708314641, 1708319482
02,79342098718, 1708319880, 1708326329
02,79335699046, 1708323299, 1708326127
02,79335699046, 1708326964, 1708327599
01,79342098718, 1708328529, 1708333415
02,79335699046, 1708329847, 1708336783
02,79342098718, 1708335355, 1708340597
01,79335699046, 1708340003, 1708345678
01,79342098718, 1708346039, 1708348942
02,79335699046, 1708348646, 1708349233
02,79342098718, 1708349794, 1708353218
02,79335699046, 1708355849, 1708356688
01,79342098718, 1708356805, 1708363888
01,79335699046, 1708361451, 1708366424
01,79342098718, 1708365587, 1708369048
01,79335699046, 1708368076, 1708368402
01,79342098718, 1708374110, 1708376205
02,79335699046, 1708375340, 1708381831
01,79342098718, 1708377091, 1708384178
02,79335699046, 1708384537, 1708387498
01,79342098718, 1708385253, 1708387677
01,79335699046, 1708388817, 1708390562
01,79342098718, 1708391721, 1708398269
01,79335699046, 1708393174, 1708397877
02,79335699046, 1708398903, 1708403167
02,79342098718, 1708400441, 1708406439
02,79335699046, 1708406899, 1708407980
01,79342098718, 1708407436, 1708407889
01,79335699046, 1708412021, 1708415286
02,79342098718, 1708414844, 1708417100
01,79335699046, 1708417344, 1708422053
01,79342098718, 1708417948, 1708424137
02,79342098718, 1708427677, 1708432434
02,79335699046, 1708427789, 1708429845
01,79335699046, 1708430999, 1708434269
02,79342098718, 1708433710, 1708437243
01,79335699046, 1708435632, 1708442211
02,79342098718, 1708438754, 1708442248
02,79335699046, 1708445374, 1708447907
01,79342098718, 1708447322, 1708448420
01,79335699046, 1708449195, 1708454658
02,79342098718, 1708454068, 1708455376
01,79342098718, 1708459035, 1708461826
01,79335699046, 1708459601, 1708462913
02,79342098718, 1708463265, 1708464436
02,79342098718, 1708467879, 1708469104
01,79335699046, 1708469426, 1708473231
01,79342098718, 1708473498, 1708476016
01,79335699046, 1708475980, 1708478529
01,79342098718, 1708477671, 1708481561
02,79335699046, 1708479412, 1708482472
01,79335699046, 1708483927, 1708488594
02,79342098718, 1708488355, 1708493997
01,79335699046, 1708493074, 1708497612
02,79342098718, 1708496468, 1708500664
02,79335699046, 1708498420, 1708502284
02,79342098718, 1708502147, 1708508323
02,79342098718, 1708508752, 1708514215
01,79335699046, 1708509035, 1708509732
01,79335699046, 1708512813, 1708517399
01,79342098718, 1708519728, 1708521698
02,79335699046, 1708522350, 1708524246
02,79342098718, 1708524094, 1708531116
01,79335699046, 1708528775, 1708535034
01,79342098718, 1708534164, 1708537177
02,79342098718, 1708540146, 1708544298
02,79335699046, 1708541039, 1708546325
01,79342098718, 1708547425, 1708549603
01,79335699046, 1708549740, 1708554160
01,79342098718, 1708550479, 1708551971
01,79342098718, 1708554532, 1708558381
01,79335699046, 1708560191, 1708564503
02,79342098718, 1708565326, 1708565916
01,79335699046, 1708566308, 1708573282
02,79342098718, 1708572604, 1708575768
01,79335699046, 1708577776, 1708581746
02,79342098718, 1708579781, 1708583734
02,79335699046, 1708582765, 1708587382
02,79342098718, 1708590785, 1708592350
01,79335699046, 1708592050, 1708597382
02,79342098718, 1708593834, 1708600015
02,79335699046, 1708602359, 1708607858
02,79342098718, 1708604454, 1708608235
02,79342098718, 1708612745, 1708613991
01,79335699046, 1708614867, 1708617430
02,79335699046, 1708618375, 1708624157
01,79342098718, 1708618534, 1708623631
01,79335699046, 1708629388, 1708630212
02,79342098718, 1708630302, 1708631233
01,79335699046, 1708633837, 1708639055
02,79342098718, 1708634619, 1708638017
01,79335699046, 1708641099, 1708646081
02,79342098718, 1708643125, 1708643922
02,79342098718, 1708649717, 1708654318
01,79335699046, 1708650822, 1708652054
01,79335699046, 1708656249, 1708658232
01,79342098718, 1708660314, 1708661183
01,79342098718, 1708662994, 1708668608
02,79335699046, 1708663594, 1708664453
02,79335699046, 1708666745, 1708673489
01,79342098718, 1708675503, 1708680260
02,79335699046, 1708675981, 1708679849
02,79342098718, 1708682133, 1708689259
01,79335699046, 1708684823, 1708688709
02,79335699046, 1708693526, 1708694637
02,79335699046, 1708695172, 1708699354
01,79342098718, 1708695185, 1708697677
02,79342098718, 1708699132, 1708705445
02,79335699046, 1708703573, 1708706391
02,79335699046, 1708708058, 1708710192
01,79342098718, 1708711145, 1708714006
02,79335699046, 1708711255, 1708714261
02,79335699046, 1708716770, 1708723044
01,79342098718, 1708718050, 1708723496
02,79335699046, 1708724261, 1708725722
02,79342098718, 1708727802, 1708733594
02,79335699046, 1708730834, 1708734139
02,79342098718, 1708736486, 1708739964
01,79342098718, 1708740627, 1708742691
02,79335699046, 1708740841, 1708745162
01,79342098718, 1708748732, 1708753907
01,79335699046, 1708748819, 1708755270
02,79342098718, 1708757933, 1708759445
01,79342098718, 1708759864, 1708762413
01,79335699046, 1708761382, 1708766846
01,79342098718, 1708766493, 1708770540
02,79342098718, 1708771035, 1708775995
01,79335699046, 1708772265, 1708776837
01,79335699046, 1708779885, 1708786178
01,79342098718, 1708782092, 1708784504
01,79342098718, 1708787060, 1708788725
02,79335699046, 1708789205, 1708792017
01,79335699046, 1708792709, 1708793740
01,79342098718, 1708794520, 1708800190
01,79335699046, 1708799378, 1708805853
02,79342098718, 1708803606, 1708807989
02,79335699046, 1708808561, 1708815563
02,79342098718, 1708814560, 1708817557
02,79335699046, 1708820061, 1708821598
02,79342098718, 1708821980, 1708823882
01,79335699046, 1708823026, 1708825164
02,79335699046, 1708829240, 1708831802
02,79342098718, 1708829331, 1708833951
01,79342098718, 1708834701, 1708841252
01,79335699046, 1708837135, 1708843503
01,79342098718, 1708843596, 1708844768
01,79342098718, 1708847819, 1708851175
01,79335699046, 1708850664, 1708856068
02,79342098718, 1708856098, 1708861477
02,79335699046, 1708857502, 1708860438
02,79335699046, 1708863040, 1708865493
01,79342098718, 1708864992, 1708869864
02,79335699046, 1708870167, 1708872848
01,79342098718, 1708875434, 1708877393
01,79335699046, 1708879431, 1708886140
01,79342098718, 1708883297, 1708883727
01,79335699046, 1708889021, 1708890466
02,79342098718, 1708889931, 1708893540
02,79335699046, 1708893939, 1708898296
01,79342098718, 1708895354, 1708896219
02,79342098718, 1708903348, 1708910081
01,79335699046, 1708903919, 1708906784
02,79335699046, 1708907645, 1708910934
01,79335699046, 1708911670, 1708913395
01,79335699046, 1708913812, 1708915845
02,79342098718, 1708914499, 1708915746
02,79335699046, 1708919697, 1708923313
01,79342098718, 1708922238, 1708922634
02,79342098718, 1708923761, 1708926909
02,79335699046, 1708928481, 1708929407
02,79335699046, 1708930637, 1708936179
02,79342098718, 1708931133, 1708932319
01,79342098718, 1708936984, 1708937356
02,79335699046, 1708938168, 1708943461
02,79342098718, 1708941037, 1708945380
02,79342098718, 1708949295, 1708954501
02,79335699046, 1708950608, 1708953999
01,79335699046, 1708954387, 1708958716
01,79342098718, 1708954919, 1708957883
01,79342098718, 1708961987, 1708962347
02,79335699046, 1708965722, 1708971778
02,79342098718, 1708968184, 1708974851
01,79335699046, 1708973545, 1708980451
02,79342098718, 1708980693, 1708983067
01,79335699046, 1708981623, 1708987445
01,79342098718, 1708983567, 1708988773
02,79335699046, 1708988391, 1708995073
01,79342098718, 1708992549, 1708997399
02,79335699046, 1709001093, 1709005961
01,79342098718, 1709003762, 1709009784
02,79335699046, 1709012563, 1709019430
02,79342098718, 1709014335, 1709020453
02,79335699046, 1709021373, 1709023700
02,79342098718, 1709022088, 1709027905
02,79335699046, 1709025327, 1709027463
02,79335699046, 1709028982, 1709032886
01,79335699046, 1709033374, 1709038699
01,79342098718, 1709034973, 1709036863
02,79342098718, 1709038065, 1709044319
01,79335699046, 1709044710, 1709049347
02,79342098718, 1709050407, 1709056324
01,79335699046, 1709053223, 1709055461
01,79335699046, 1709059982, 1709061275
01,79342098718, 1709062384, 1709067469
01,79335699046, 1709068378, 1709068797
02,79342098718, 1709070942, 1709071753
01,79342098718, 1709073951, 1709075937
02,79335699046, 1709074268, 1709080209
01,79342098718, 1709079226, 1709082184
01,79335699046, 1709085288, 1709090402
01,79342098718, 1709086153, 1709086573
02,79342098718, 1709089765, 1709093978
02,79335699046, 1709095240, 1709101121
01,79342098718, 1709095793, 1709100344
01,79342098718, 1709102499, 1709105878
02,79335699046, 1709102919, 1709108261
01,79342098718, 1709106433, 1709113408
01,79335699046, 1709109370, 1709112211
01,79342098718, 1709115416, 1709119116
02,79335699046, 1709115583, 1709120852
02,79342098718, 1709122351, 1709127735
02,79335699046, 1709125427, 1709128303
01,79342098718, 1709132189, 1709138291
02,79335699046, 1709133253, 1709138067
01,79335699046, 1709141559, 1709141918
02,79342098718, 1709142978, 1709148365
02,79335699046, 1709144585, 1709149173
02,79335699046, 1709149867, 1709151578
01,79342098718, 1709151664, 1709158251
01,79335699046, 1709155837, 1709158275
