01,79335699046, 1714521600, 1714527035
01,79342098718, 1714521600, 1714527864
01,79335699046, 1714529792, 1714532415
02,79342098718, 1714533365, 1714535432
02,79335699046, 1714534799, 1714541616
02,79342098718, 1714542486, 1714549446
02,79335699046, 1714543604, 1714550766
02,79342098718, 1714550732, 1714555157
02,79335699046, 1714552573, 1714559649
01,79342098718, 1714558049, 1714559300
02,79335699046, 1714561831, 1714565106
01,79342098718, 1714566293, 1714570141
01,79335699046, 1714568235, 1714569632
02,79342098718, 1714574314, 1714576888
02,79335699046, 1714575295, 1714579465
02,79342098718, 1714580865, 1714586646
01,79335699046, 1714582426, 1714584641
01,79342098718, 1714588276, 1714588663
02,79335699046, 1714589208, 1714589877
02,79342098718, 1714590306, 1714592060
02,79335699046, 1714595102, 1714596068
02,79342098718, 1714595397, 1714600192
01,79335699046, 1714599930, 1714603154
01,79342098718, 1714606137, 1714613032
01,79335699046, 1714607395, 1714609363
01,79335699046, 1714614925, 1714618919
01,79342098718, 1714618367, 1714619089
02,79342098718, 1714620881, 1714625336
02,79335699046, 1714622406, 1714624306
02,79342098718, 1714631159, 1714637829
01,79335699046, 1714631191, 1714632073
01,79342098718, 1714638427, 1714645598
02,79335699046, 1714639089, 1714639619
02,79335699046, 1714643880, 1714645588
02,79342098718, 1714649839, 1714655498
02,79335699046, 1714651467, 1714653592
01,79335699046, 1714654346, 1714655450
02,79335699046, 1714657186, 1714663132
02,79342098718, 1714657479, 1714657841
02,79342098718, 1714663282, 1714667602
01,79335699046, 1714669412, 1714674046
01,79342098718, 1714670443, 1714673420
02,79335699046, 1714674693, 1714681098
02,79342098718, 1714680260, 1714681380
01,79335699046, 1714682999, 1714684556
01,79335699046, 1714685622, 1714690727
02,79342098718, 1714686153, 1714691035
02,79335699046, 1714693045, 1714698275
02,79342098718, 1714696280, 1714696931
01,79342098718, 1714701109, 1714708298
02,79335699046, 1714703980, 1714704570
02,79335699046, 1714706092, 1714712072
02,79342098718, 1714709748, 1714713027
01,79335699046, 1714714561, 1714715743
02,79342098718, 1714714598, 1714716313
02,79342098718, 1714721813, 1714727869
01,79335699046, 1714722691, 1714723492
01,79335699046, 1714726041, 1714726450
02,79335699046, 1714731545, 1714733092
02,79342098718, 1714732085, 1714735612
02,79335699046, 1714739683, 1714745560
02,79342098718, 1714742086, 1714746398
01,79335699046, 1714746156, 1714746509
02,79342098718, 1714747604, 1714752796
02,79335699046, 1714749651, 1714755689
01,79342098718, 1714754578, 1714759443
01,79335699046, 1714760237, 1714763284
02,79342098718, 1714766004, 1714770116
02,79335699046, 1714768308, 1714770109
01,79342098718, 1714770583, 1714771051
01,79335699046, 1714771824, 1714774834
02,79342098718, 1714774294, 1714778948
01,79335699046, 1714778128, 1714782592
02,79342098718, 1714782355, 1714783286
01,79335699046, 1714784873, 1714785902
01,79342098718, 1714788967, 1714792637
02,79335699046, 1714791237, 1714795531
02,79342098718, 1714797816, 1714801947
02,79335699046, 1714797952, 1714802016
02,79342098718, 1714805310, 1714807365
02,79335699046, 1714806947, 1714812768
02,79342098718, 1714809886, 1714813798
02,79335699046, 1714814984, 1714818926
02,79342098718, 1714818489, 1714824177
02,79335699046, 1714821016, 1714822232
01,79335699046, 1714827887, 1714829561
01,79342098718, 1714829187, 1714832846
01,79335699046, 1714830164, 1714833563
01,79342098718, 1714834657, 1714839229
01,79335699046, 1714836268, 1714840328
01,79335699046, 1714843243, 1714850040
02,79342098718, 1714844551, 1714846036
02,79342098718, 1714850241, 1714851184
02,79335699046, 1714853664, 1714854766
01,79335699046, 1714856355, 1714857767
01,79342098718, 1714856421, 1714860455
01,79335699046, 1714861158, 1714863076
01,79342098718, 1714862200, 1714865825
01,79335699046, 1714863527, 1714867269
01,79335699046, 1714867991, 1714869801
02,79342098718, 1714870489, 1714876910
01,79335699046, 1714871583, 1714875584
02,79335699046, 1714879966, 1714883593
01,79342098718, 1714881345, 1714887834
02,79335699046, 1714886945, 1714894023
01,79342098718, 1714888295, 1714891131
01,79342098718, 1714894316, 1714896980
02,79335699046, 1714900987, 1714901387
01,79342098718, 1714902176, 1714908968
02,79335699046, 1714902503, 1714907022
01,79335699046, 1714907870, 1714912509
01,79342098718, 1714913860, 1714917481
01,79335699046, 1714916041, 1714920861
01,79342098718, 1714920657, 1714922422
02,79342098718, 1714923097, 1714928162
02,79335699046, 1714925552, 1714931406
01,79335699046, 1714931933, 1714936601
01,79342098718, 1714933612, 1714934416
02,79342098718, 1714935522, 1714939679
02,79335699046, 1714937107, 1714941383
01,79342098718, 1714943939, 1714946586
02,79335699046, 1714945296, 1714952486
02,79342098718, 1714947892, 1714949251
01,79335699046, 1714954228, 1714959299
01,79342098718, 1714955652, 1714960795
02,79342098718, 1714965839, 1714968893
01,79335699046, 1714965943, 1714969182
01,79335699046, 1714971032, 1714975038
02,79342098718, 1714973618, 1714976724
02,79335699046, 1714981358, 1714983406
02,79342098718, 1714982604, 1714983818
01,79335699046, 1714986746, 1714988593
02,79342098718, 1714989407, 1714993166
02,79335699046, 1714992548, 1714999696
02,79342098718, 1714994213, 1714996196
01,79342098718, 1714998657, 1715001594
01,79342098718, 1715005808, 1715012027
02,79335699046, 1715006777, 1715009247
01,79335699046, 1715015351, 1715020311
02,79342098718, 1715016857, 1715022925
01,79335699046, 1715025141, 1715026463
02,79342098718, 1715028153, 1715028963
02,79335699046, 1715029970, 1715037154
02,79342098718, 1715030130, 1715031209
02,79342098718, 1715034483, 1715037937
02,79342098718, 1715038960, 1715041584
02,79335699046, 1715040913, 1715046767
01,79342098718, 1715045137, 1715049998
01,79335699046, 1715050173, 1715054518
02,79342098718, 1715054496, 1715054799
02,79335699046, 1715057610, 1715062627
01,79342098718, 1715058303, 1715062886
02,79335699046, 1715063873, 1715068271
01,79342098718, 1715065408, 1715071142
01,79335699046, 1715070906, 1715071341
01,79335699046, 1715076185, 1715080568
02,79342098718, 1715077715, 1715078989
02,79342098718, 1715082197, 1715084707
01,79335699046, 1715087390, 1715089133
02,79342098718, 1715089574, 1715091329
01,79335699046, 1715090548, 1715096736
01,79342098718, 1715097885, 1715102123
01,79335699046, 1715101338, 1715105791
01,79342098718, 1715104809, 1715106887
02,79335699046, 1715109251, 1715112331
01,79342098718, 1715112521, 1715118393
01,79335699046, 1715113944, 1715116665
01,79342098718, 1715121804, 1715128431
02,79335699046, 1715123255, 1715128044
01,79342098718, 1715129074, 1715130272
01,79342098718, 1715131403, 1715132852
02,79335699046, 1715132184, 1715133119
02,79335699046, 1715133967, 1715137128
02,79342098718, 1715136648, 1715141127
01,79335699046, 1715138185, 1715141183
01,79335699046, 1715143543, 1715147803
01,79342098718, 1715143706, 1715145976
01,79342098718, 1715150305, 1715151273
01,79335699046, 1715152508, 1715155775
01,79342098718, 1715155926, 1715156986
01,79342098718, 1715157501, 1715164016
01,79335699046, 1715158628, 1715161917
01,79335699046, 1715163138, 1715169757
02,79342098718, 1715170242, 1715172723
02,79335699046, 1715174002, 1715177333
02,79342098718, 1715175663, 1715179256
01,79335699046, 1715179064, 1715180330
01,79335699046, 1715183399, 1715183967
01,79342098718, 1715184372, 1715185661
01,79335699046, 1715185203, 1715188282
01,79342098718, 1715186457, 1715190133
01,79335699046, 1715188613, 1715190574
01,79335699046, 1715194812, 1715199269
02,79342098718, 1715195068, 1715201305
02,79335699046, 1715204112, 1715210073
01,79342098718, 1715204839, 1715207414
01,79342098718, 1715207943, 1715211849
02,79335699046, 1715213533, 1715215545
02,79335699046, 1715217791, 1715218243
01,79342098718, 1715218224, 1715223358
01,79335699046, 1715224449, 1715225893
01,79342098718, 1715225948, 1715226761
02,79342098718, 1715228233, 1715230411
02,79335699046, 1715231124, 1715232120
01,79335699046, 1715234023, 1715236351
02,79342098718, 1715236729, 1715242591
01,79335699046, 1715241974, 1715248685
02,79342098718, 1715243546, 1715244165
02,79342098718, 1715249787, 1715251550
02,79335699046, 1715254606, 1715255673
01,79342098718, 1715255230, 1715261633
01,79335699046, 1715258914, 1715266007
01,79342098718, 1715263312, 1715266461
02,79335699046, 1715267943, 1715271383
01,79342098718, 1715272440, 1715274943
02,79335699046, 1715274714, 1715278079
02,79342098718, 1715278766, 1715282397
01,79335699046, 1715283638, 1715287993
02,79342098718, 1715287593, 1715293693
01,79335699046, 1715293885, 1715294343
02,79342098718, 1715294301, 1715297861
01,79335699046, 1715295663, 1715298622
02,79335699046, 1715300789, 1715306648
01,79342098718, 1715304477, 1715305499
01,79342098718, 1715306518, 1715312701
01,79335699046, 1715310423, 1715313124
02,79335699046, 1715318365, 1715319557
01,79342098718, 1715319807, 1715321220
01,79335699046, 1715320168, 1715324572
01,79342098718, 1715323082, 1715326504
02,79342098718, 1715329847, 1715331024
01,79335699046, 1715330463, 1715335044
02,79342098718, 1715334099, 1715338035
02,79335699046, 1715339997, 1715341836
01,79342098718, 1715340335, 1715345401
01,79335699046, 1715343411, 1715344921
02,79335699046, 1715349754, 1715352725
01,79342098718, 1715350670, 1715356174
01,79335699046, 1715356969, 1715362326
02,79342098718, 1715362643, 1715366613
02,79335699046, 1715364493, 1715367846
01,79342098718, 1715368973, 1715371408
02,79342098718, 1715373891, 1715375564
02,79335699046, 1715374167, 1715377739
01,79335699046, 1715380910, 1715383509
01,79342098718, 1715381961, 1715387935
01,79335699046, 1715386213, 1715392587
01,79342098718, 1715391613, 1715395676
02,79342098718, 1715397200, 1715402192
01,79335699046, 1715397241, 1715401673
02,79335699046, 1715406038, 1715409971
02,79342098718, 1715406666, 1715407402
02,79335699046, 1715410777, 1715417728
02,79342098718, 1715412749, 1715417019
01,79335699046, 1715419787, 1715425085
02,79342098718, 1715421855, 1715427941
01,79335699046, 1715428445, 1715433731
02,79342098718, 1715432949, 1715438887
02,79335699046, 1715439524, 1715446188
01,79342098718, 1715440489, 1715445710
02,79335699046, 1715447736, 1715448752
01,79342098718, 1715449600, 1715452640
01,79335699046, 1715451381, 1715453637
02,79342098718, 1715459615, 1715464486
02,79335699046, 1715460678, 1715464437
01,79335699046, 1715465230, 1715470728
02,79342098718, 1715467750, 1715470210
02,79335699046, 1715475864, 1715479496
01,79342098718, 1715476962, 1715479937
01,79335699046, 1715482512, 1715484762
01,79342098718, 1715487057, 1715490305
02,79335699046, 1715490873, 1715496034
02,79342098718, 1715493525, 1715499284
02,79335699046, 1715496676, 1715497590
02,79335699046, 1715500354, 1715505264
02,79342098718, 1715502992, 1715509729
01,79335699046, 1715509148, 1715509876
01,79335699046, 1715512204, 1715519009
02,79342098718, 1715513916, 1715515071
01,79342098718, 1715520119, 1715526760
02,79335699046, 1715524828, 1715530632
02,79342098718, 1715532932, 1715539359
01,79335699046, 1715536686, 1715540665
01,79342098718, 1715542987, 1715545759
02,79335699046, 1715547268, 1715553910
02,79342098718, 1715549876, 1715550973
01,79342098718, 1715553156, 1715558749
01,79335699046, 1715555283, 1715561826
01,79335699046, 1715563629, 1715565427
02,79342098718, 1715565125, 1715569871
02,79335699046, 1715567047, 1715570468
01,79335699046, 1715571036, 1715575885
02,79342098718, 1715574448, 1715576289
02,79335699046, 1715576251, 1715580608
01,79342098718, 1715579581, 1715580803
01,79342098718, 1715583688, 1715585082
01,79335699046, 1715586612, 1715587877
01,79342098718, 1715587638, 1715594628
01,79335699046, 1715592171, 1715595770
01,79342098718, 1715597244, 1715599977
02,79342098718, 1715601285, 1715606725
01,79335699046, 1715601431, 1715604229
01,79335699046, 1715606423, 1715609534
02,79342098718, 1715608864, 1715612662
01,79335699046, 1715610857, 1715611373
01,79335699046, 1715612770, 1715618812
01,79342098718, 1715613692, 1715618824
02,79335699046, 1715623191, 1715629936
01,79342098718, 1715625099, 1715627256
02,79342098718, 1715633896, 1715637061
02,79335699046, 1715636534, 1715638438
01,79335699046, 1715639845, 1715644020
02,79342098718, 1715640641, 1715646532
01,79342098718, 1715650518, 1715653977
02,79335699046, 1715651059, 1715655433
01,79342098718, 1715657612, 1715663408
02,79335699046, 1715660460, 1715665239
02,79342098718, 1715668726, 1715669888
02,79335699046, 1715669326, 1715671274
02,79335699046, 1715674343, 1715677316
01,79342098718, 1715675161, 1715679384
01,79342098718, 1715680876, 1715686440
01,79335699046, 1715682072, 1715682423
01,79335699046, 1715688391, 1715691755
02,79342098718, 1715691162, 1715695110
01,79335699046, 1715698040, 1715701416
01,79342098718, 1715700334, 1715705863
01,79342098718, 1715706590, 1715708602
01,79335699046, 1715708018, 1715711261
01,79342098718, 1715709365, 1715710369
02,79342098718, 1715710889, 1715714929
02,79335699046, 1715715701, 1715717081
02,79342098718, 1715719088, 1715721019
02,79335699046, 1715723402, 1715727236
02,79342098718, 1715724664, 1715727393
01,79342098718, 1715728367, 1715731099
02,79335699046, 1715730580, 1715735276
02,79342098718, 1715731511, 1715733595
02,79335699046, 1715738622, 1715742340
01,79342098718, 1715739549, 1715746667
01,79335699046, 1715747107, 1715752321
02,79342098718, 1715748592, 1715753163
01,79335699046, 1715754995, 1715756614
02,79342098718, 1715756669, 1715759280
02,79335699046, 1715758085, 1715764392
02,79342098718, 1715766254, 1715771788
01,79335699046, 1715770560, 1715776620
02,79342098718, 1715776257, 1715778780
02,79335699046, 1715777931, 1715781196
02,79342098718, 1715781838, 1715789003
02,79335699046, 1715786159, 1715791437
02,79335699046, 1715793638, 1715797099
01,79342098718, 1715793760, 1715794083
01,79342098718, 1715797123, 1715798358
02,79342098718, 1715799373, 1715800454
01,79335699046, 1715801320, 1715807254
02,79342098718, 1715803670, 1715807790
02,79335699046, 1715809116, 1715812117
02,79342098718, 1715810704, 1715814344
01,79335699046, 1715818459, 1715819644
02,79342098718, 1715819886, 1715824558
02,79335699046, 1715822662, 1715829826
01,79342098718, 1715828836, 1715830988
01,79342098718, 1715832384, 1715833639
02,79335699046, 1715832950, 1715837473
02,79335699046, 1715837895, 1715838433
02,79342098718, 1715840051, 1715846149
02,79335699046, 1715845476, 1715850200
01,79342098718, 1715850673, 1715852486
02,79335699046, 1715852852, 1715858391
01,79342098718, 1715855566, 1715859341
02,79335699046, 1715860587, 1715865422
02,79342098718, 1715864183, 1715871314
01,79335699046, 1715871556, 1715874113
02,79335699046, 1715875856, 1715882049
02,79342098718, 1715878156, 1715884539
01,79335699046, 1715883057, 1715886990
02,79342098718, 1715884999, 1715885687
01,79342098718, 1715889872, 1715891781
02,79335699046, 1715889949, 1715896057
01,79342098718, 1715897141, 1715898484
02,79335699046, 1715898253, 1715901309
01,79342098718, 1715902942, 1715905021
01,79335699046, 1715905293, 1715905726
01,79342098718, 1715910931, 1715914385
02,79335699046, 1715912533, 1715919264
02,79342098718, 1715919274, 1715924337
02,79335699046, 1715924411, 1715927468
02,79342098718, 1715924936, 1715930180
01,79335699046, 1715932831, 1715938176
02,79342098718, 1715936379, 1715937176
02,79335699046, 1715941560, 1715946445
01,79342098718, 1715942034, 1715942723
01,79335699046, 1715947312, 1715951593
01,79342098718, 1715948212, 1715951168
02,79342098718, 1715956695, 1715962701
02,79335699046, 1715958386, 1715963651
02,79342098718, 1715966241, 1715966885
01,79342098718, 1715968619, 1715973167
02,79335699046, 1715970491, 1715975570
02,79342098718, 1715978669, 1715980620
01,79335699046, 1715980173, 1715987310
01,79342098718, 1715987569, 1715988066
01,79335699046, 1715987612, 1715991740
01,79342098718, 1715990591, 1715994326
02,79335699046, 1715992320, 1715996024
01,79342098718, 1715996788, 1715998094
01,79342098718, 1715998549, 1716001721
02,79335699046, 1716002358, 1716002816
02,79335699046, 1716007712, 1716009026
02,79342098718, 1716008157, 1716013622
01,79335699046, 1716012122, 1716016517
01,79342098718, 1716014469, 1716019744
01,79335699046, 1716020569, 1716025355
02,79342098718, 1716025969, 1716032135
01,79335699046, 1716029910, 1716032945
01,79335699046, 1716034237, 1716040210
02,79342098718, 1716035541, 1716040399
01,79335699046, 1716044728, 1716047637
02,79342098718, 1716046117, 1716049622
02,79342098718, 1716052671, 1716054120
02,79335699046, 1716052726, 1716055943
02,79342098718, 1716056919, 1716062191
01,79335699046, 1716058314, 1716065123
01,79342098718, 1716068086, 1716070336
01,79335699046, 1716071467, 1716076009
01,79342098718, 1716074669, 1716076580
02,79335699046, 1716076864, 1716082532
01,79342098718, 1716078443, 1716083432
02,79342098718, 1716085802, 1716091532
02,79335699046, 1716087126, 1716093796
01,79342098718, 1716092026, 1716092936
02,79342098718, 1716093449, 1716095131
01,79342098718, 1716096998, 1716102077
01,79335699046, 1716100201, 1716104490
01,79342098718, 1716103516, 1716109931
01,79335699046, 1716107627, 1716111369
02,79335699046, 1716114904, 1716115792
02,79342098718, 1716115266, 1716118441
02,79335699046, 1716121592, 1716126896
02,79342098718, 1716122675, 1716123077
01,79342098718, 1716127085, 1716129946
01,79335699046, 1716130039, 1716133293
01,79342098718, 1716132750, 1716134024
02,79335699046, 1716135553, 1716136485
01,79342098718, 1716139981, 1716142568
02,79335699046, 1716142372, 1716147836
01,79342098718, 1716145363, 1716146230
01,79342098718, 1716152134, 1716155412
01,79335699046, 1716153787, 1716157382
01,79342098718, 1716161605, 1716163028
02,79335699046, 1716163147, 1716169232
01,79342098718, 1716165893, 1716172268
02,79335699046, 1716173161, 1716174948
02,79342098718, 1716178175, 1716178945
01,79342098718, 1716181340, 1716186673
01,79335699046, 1716181470, 1716185901
02,79342098718, 1716189170, 1716196103
02,79335699046, 1716191702, 1716193828
01,79335699046, 1716198633, 1716203211
02,79342098718, 1716199429, 1716205555
02,79335699046, 1716204708, 1716208709
02,79342098718, 1716211680, 1716213006
01,79335699046, 1716215292, 1716220243
02,79342098718, 1716215782, 1716217853
02,79342098718, 1716220248, 1716225410
01,79335699046, 1716223166, 1716228680
01,79335699046, 1716230951, 1716234067
02,79342098718, 1716232346, 1716238433
01,79335699046, 1716240029, 1716240534
02,79342098718, 1716242446, 1716249133
02,79335699046, 1716246972, 1716250546
01,79335699046, 1716254479, 1716259071
02,79342098718, 1716255562, 1716261070
01,79342098718, 1716261557, 1716265152
02,79335699046, 1716264156, 1716271245
02,79342098718, 1716271599, 1716278445
02,79335699046, 1716274060, 1716277710
02,79335699046, 1716280324, 1716280856
01,79342098718, 1716283161, 1716286075
02,79335699046, 1716283987, 1716291021
02,79342098718, 1716291084, 1716291550
02,79335699046, 1716296553, 1716303076
02,79342098718, 1716296635, 1716297663
01,79342098718, 1716299642, 1716303273
02,79335699046, 1716307206, 1716313451
02,79342098718, 1716307723, 1716311701
02,79342098718, 1716314615, 1716320539
02,79335699046, 1716315864, 1716316541
02,79335699046, 1716321304, 1716324089
02,79342098718, 1716322565, 1716327620
02,79335699046, 1716328832, 1716332340
01,79342098718, 1716332510, 1716333674
02,79335699046, 1716335835, 1716336641
01,79342098718, 1716337988, 1716344513
02,79335699046, 1716342118, 1716346611
01,79342098718, 1716347678, 1716348026
02,79335699046, 1716348091, 1716353795
01,79342098718, 1716355073, 1716357607
02,79335699046, 1716359668, 1716366586
01,79342098718, 1716363578, 1716364505
01,79342098718, 1716370724, 1716373788
02,79335699046, 1716372974, 1716379421
01,79342098718, 1716379466, 1716385722
02,79335699046, 1716384100, 1716387898
01,79342098718, 1716390905, 1716393572
01,79335699046, 1716391432, 1716393811
01,79342098718, 1716396303, 1716402953
01,79335699046, 1716398150, 1716404409
02,79342098718, 1716403396, 1716409578
02,79335699046, 1716405890, 1716407553
02,79335699046, 1716409157, 1716415472
02,79342098718, 1716415392, 1716416184
02,79335699046, 1716417908, 1716420876
02,79342098718, 1716418150, 1716421497
02,79335699046, 1716423073, 1716429146
02,79342098718, 1716426101, 1716432686
02,79335699046, 1716435545, 1716439425
01,79342098718, 1716438286, 1716440407
01,79335699046, 1716440875, 1716445155
01,79342098718, 1716445674, 1716448007
02,79335699046, 1716447140, 1716451870
02,79342098718, 1716453821, 1716457597
01,79335699046, 1716458078, 1716463600
01,79342098718, 1716460949, 1716465296
02,79335699046, 1716464211, 1716466093
01,79335699046, 1716468561, 1716469960
01,79342098718, 1716470453, 1716472123
01,79335699046, 1716474888, 1716477492
02,79342098718, 1716476039, 1716477347
01,79335699046, 1716478094, 1716481335
01,79342098718, 1716482454, 1716486946
02,79335699046, 1716486580, 1716489157
02,79342098718, 1716491706, 1716496686
01,79335699046, 1716493024, 1716494692
01,79335699046, 1716498981, 1716505403
02,79342098718, 1716503193, 1716505406
01,79335699046, 1716509470, 1716516149
02,79342098718, 1716510345, 1716516942
02,79342098718, 1716519297, 1716521857
01,79335699046, 1716520523, 1716521760
02,79335699046, 1716522189, 1716528402
02,79342098718, 1716524607, 1716526610
01,79342098718, 1716530439, 1716535917
02,79335699046, 1716530966, 1716535910
01,79342098718, 1716539862, 1716540770
02,79335699046, 1716542018, 1716545301
01,79342098718, 1716545226, 1716550084
02,79335699046, 1716547377, 1716552466
01,79342098718, 1716554853, 1716559598
02,79335699046, 1716559228, 1716566035
02,79342098718, 1716560684, 1716561557
01,79342098718, 1716567067, 1716570073
02,79335699046, 1716572940, 1716577896
02,79342098718, 1716574568, 1716575658
01,79342098718, 1716577688, 1716583316
02,79335699046, 1716580899, 1716587861
01,79342098718, 1716584208, 1716588058
01,79335699046, 1716589432, 1716594691
02,79342098718, 1716590561, 1716594381
02,79342098718, 1716596574, 1716602792
02,79335699046, 1716601376, 1716606939
02,79342098718, 1716605214, 1716611203
01,79335699046, 1716609782, 1716614861
02,79342098718, 1716618043, 1716623816
02,79335699046, 1716618301, 1716624508
02,79342098718, 1716627937, 1716629916
02,79335699046, 1716631592, 1716634069
01,79342098718, 1716632148, 1716636218
01,79335699046, 1716641130, 1716648019
01,79342098718, 1716642230, 1716648452
02,79342098718, 1716652054, 1716658357
02,79335699046, 1716652258, 1716654890
02,79342098718, 1716659098, 1716664723
02,79335699046, 1716660701, 1716667063
02,79342098718, 1716665375, 1716670130
01,79335699046, 1716668394, 1716669785
02,79335699046, 1716672191, 1716674630
01,79342098718, 1716673035, 1716676983
02,79335699046, 1716680371, 1716683499
02,79342098718, 1716682531, 1716685290
01,79335699046, 1716688031, 1716688664
01,79342098718, 1716688745, 1716689567
02,79342098718, 1716689975, 1716691862
01,79342098718, 1716693086, 1716698296
01,79335699046, 1716694906, 1716696080
01,79335699046, 1716699743, 1716703549
01,79342098718, 1716702988, 1716705337
02,79342098718, 1716709098, 1716709802
01,79335699046, 1716710400, 1716715500
02,79342098718, 1716711289, 1716716120
02,79335699046, 1716721478, 1716727644
01,79342098718, 1716721734, 1716725865
01,79342098718, 1716727541, 1716733682
01,79335699046, 1716732125, 1716737051
02,79342098718, 1716734633, 1716735391
01,79342098718, 1716736412, 1716739951
01,79335699046, 1716738447, 1716738767
02,79335699046, 1716742762, 1716749407
01,79342098718, 1716746024, 1716748583
01,79342098718, 1716752485, 1716758090
02,79335699046, 1716755220, 1716758325
01,79342098718, 1716759596, 1716765753
01,79335699046, 1716760606, 1716765751
01,79335699046, 1716769349, 1716775701
02,79342098718, 1716771114, 1716774148
02,79342098718, 1716779966, 1716786832
02,79335699046, 1716780212, 1716784174
01,79335699046, 1716786999, 1716792479
01,79342098718, 1716791658, 1716797408
02,79335699046, 1716798154, 1716800219
02,79342098718, 1716798567, 1716800772
02,79335699046, 1716801050, 1716801806
01,79342098718, 1716804159, 1716807789
02,79335699046, 1716807142, 1716812122
02,79342098718, 1716811577, 1716813144
01,79335699046, 1716817085, 1716823455
02,79342098718, 1716820273, 1716826584
01,79335699046, 1716828699, 1716832604
01,79342098718, 1716831138, 1716833175
02,79335699046, 1716834169, 1716835747
01,79342098718, 1716836464, 1716838655
01,79335699046, 1716836991, 1716843820
02,79342098718, 1716845466, 1716849496
01,79335699046, 1716849503, 1716850970
02,79342098718, 1716854877, 1716856306
02,79335699046, 1716855417, 1716857757
02,79342098718, 1716859259, 1716864985
02,79335699046, 1716859356, 1716860330
02,79335699046, 1716865328, 1716869725
01,79342098718, 1716865756, 1716867657
02,79342098718, 1716869937, 1716875598
01,79335699046, 1716871695, 1716877281
01,79342098718, 1716882603, 1716884290
02,79335699046, 1716882789, 1716885196
02,79342098718, 1716887758, 1716893089
01,79335699046, 1716891065, 1716896246
01,79342098718, 1716895945, 1716900822
01,79335699046, 1716896813, 1716899793
02,79342098718, 1716901963, 1716906489
01,79335699046, 1716905420, 1716911929
02,79342098718, 1716911157, 1716913629
02,79342098718, 1716914533, 1716919192
02,79335699046, 1716918682, 1716925657
01,79342098718, 1716924804, 1716927756
01,79335699046, 1716928460, 1716929929
02,79335699046, 1716930669, 1716933170
02,79335699046, 1716933546, 1716939285
02,79342098718, 1716933707, 1716935858
02,79342098718, 1716941049, 1716941408
02,79335699046, 1716943306, 1716946590
01,79342098718, 1716946670, 1716947859
02,79335699046, 1716947856, 1716952246
02,79342098718, 1716952301, 1716957280
01,79335699046, 1716956498, 1716963286
02,79342098718, 1716959667, 1716960147
01,79342098718, 1716960475, 1716966608
02,79335699046, 1716968453, 1716972201
02,79342098718, 1716971267, 1716973538
02,79335699046, 1716972768, 1716979911
01,79342098718, 1716977327, 1716980062
01,79335699046, 1716980755, 1716984461
02,79342098718, 1716985955, 1716988172
02,79342098718, 1716989399, 1716993002
02,79335699046, 1716990866, 1716991826
02,79342098718, 1716996317, 1717000840
01,79335699046, 1716998609, 1717002842
02,79342098718, 1717006104, 1717013298
01,79335699046, 1717008803, 1717011008
01,79335699046, 1717014839, 1717016784
01,79342098718, 1717017283, 1717022444
02,79335699046, 1717022440, 1717029477
01,79342098718, 1717023401, 1717029508
02,79335699046, 1717034551, 1717040464
02,79342098718, 1717035044, 1717041664
02,79335699046, 1717044767, 1717049648
02,79342098718, 1717047443, 1717048023
01,79342098718, 1717048359, 1717052182
02,79342098718, 1717052832, 1717055295
01,79335699046, 1717055850, 1717057731
01,79342098718, 1717057940, 1717060130
02,79335699046, 1717060693, 1717061900
01,79342098718, 1717064760, 1717070946
02,79335699046, 1717066706, 1717072110
01,79335699046, 1717077061, 1717083938
01,79342098718, 1717077561, 1717081285
01,79342098718, 1717086758, 1717089567
01,79335699046, 1717088763, 1717092297
02,79342098718, 1717092868, 1717098385
01,79335699046, 1717098836, 1717105404
02,79342098718, 1717099424, 1717100449
02,79342098718, 1717107227, 1717110757
02,79335699046, 1717107563, 1717107950
02,79342098718, 1717111781, 1717112084
