01,79335699046, 1722470400, 1722477146
01,79342098718, 1722470400, 1722472314
01,79335699046, 1722479111, 1722484292
02,79342098718, 1722479332, 1722479707
02,79342098718, 1722484091, 1722488929
02,79335699046, 1722489892, 1722491751
01,79342098718, 1722493022, 1722500073
02,79335699046, 1722495182, 1722499626
02,79335699046, 1722503887, 1722508558
01,79342098718, 1722506288, 1722506810
01,79335699046, 1722510604, 1722511432
01,79335699046, 1722513708, 1722514287
01,79342098718, 1722513982, 1722518057
01,79335699046, 1722518540, 1722524988
02,79342098718, 1722519769, 1722523014
01,79342098718, 1722525452, 1722532385
02,79335699046, 1722526325, 1722527399
01,79335699046, 1722533746, 1722538572
02,79342098718, 1722536321, 1722541506
02,79335699046, 1722544329, 1722551143
01,79342098718, 1722547338, 1722548513
02,79342098718, 1722554344, 1722559503
02,79335699046, 1722555436, 1722560692
02,79342098718, 1722560837, 1722561169
02,79342098718, 1722566264, 1722571120
02,79335699046, 1722566964, 1722572328
01,79342098718, 1722576358, 1722579356
01,79335699046, 1722577923, 1722580404
01,79335699046, 1722582192, 1722586665
02,79342098718, 1722582380, 1722584796
02,79342098718, 1722591166, 1722597381
02,79335699046, 1722592060, 1722597131
01,79342098718, 1722597913, 1722602627
02,79335699046, 1722600132, 1722605117
02,79335699046, 1722608856, 1722611276
01,79342098718, 1722609575, 1722615800
01,79335699046, 1722616597, 1722618784
01,79335699046, 1722619597, 1722621351
02,79342098718, 1722622921, 1722628007
01,79335699046, 1722623565, 1722627132
01,79335699046, 1722630540, 1722631830
02,79335699046, 1722633989, 1722641177
01,79342098718, 1722634402, 1722637331
02,79342098718, 1722644097, 1722649828
02,79335699046, 1722645938, 1722651940
01,79342098718, 1722655868, 1722660945
02,79335699046, 1722656136, 1722656501
01,79335699046, 1722661549, 1722667960
01,79342098718, 1722667624, 1722674068
02,79335699046, 1722669550, 1722670396
01,79342098718, 1722675391, 1722681833
01,79335699046, 1722676073, 1722683222
02,79342098718, 1722682238, 1722686767
02,79335699046, 1722687969, 1722693585
01,79342098718, 1722692287, 1722696439
01,79335699046, 1722697512, 1722698468
02,79335699046, 1722700870, 1722707901
01,79342098718, 1722702245, 1722708676
02,79335699046, 1722708286, 1722715115
02,79342098718, 1722714106, 1722716605
02,79335699046, 1722716523, 1722717504
02,79342098718, 1722717034, 1722722168
01,79335699046, 1722723804, 1722727592
01,79342098718, 1722727444, 1722733448
01,79335699046, 1722731700, 1722736667
01,79342098718, 1722739491, 1722741871
01,79335699046, 1722742896, 1722744132
01,79342098718, 1722747710, 1722753773
02,79335699046, 1722750148, 1722754384
02,79335699046, 1722757747, 1722761704
02,79342098718, 1722759520, 1722764362
01,79335699046, 1722762465, 1722762835
02,79335699046, 1722766031, 1722768779
01,79342098718, 1722766778, 1722767621
01,79342098718, 1722768420, 1722771679
01,79335699046, 1722774659, 1722775853
01,79342098718, 1722775957, 1722776793
01,79342098718, 1722777789, 1722779050
01,79335699046, 1722777995, 1722781669
01,79342098718, 1722781377, 1722783180
02,79335699046, 1722784144, 1722788508
02,79342098718, 1722788219, 1722790740
01,79335699046, 1722792613, 1722797321
02,79342098718, 1722795221, 1722801698
01,79335699046, 1722797674, 1722802893
01,79335699046, 1722805063, 1722811734
02,79342098718, 1722806828, 1722813215
02,79335699046, 1722817055, 1722818078
01,79342098718, 1722817539, 1722819726
02,79342098718, 1722822482, 1722822864
01,79335699046, 1722822609, 1722823022
01,79335699046, 1722826592, 1722830680
02,79342098718, 1722827881, 1722834219
02,79335699046, 1722832484, 1722833598
02,79335699046, 1722836166, 1722840358
02,79342098718, 1722839219, 1722844861
01,79342098718, 1722845259, 1722850399
01,79335699046, 1722846688, 1722847678
02,79335699046, 1722852012, 1722853450
02,79342098718, 1722857192, 1722859251
01,79335699046, 1722858160, 1722863383
01,79342098718, 1722865926, 1722868259
01,79342098718, 1722869018, 1722870181
01,79335699046, 1722869429, 1722875167
02,79342098718, 1722873298, 1722879883
01,79335699046, 1722878502, 1722880621
01,79335699046, 1722884478, 1722888231
01,79342098718, 1722885020, 1722887085
02,79342098718, 1722887686, 1722891560
02,79335699046, 1722895092, 1722901113
01,79342098718, 1722898641, 1722902234
01,79335699046, 1722904005, 1722908106
01,79342098718, 1722907068, 1722910258
01,79335699046, 1722910156, 1722912069
02,79342098718, 1722911978, 1722912870
01,79342098718, 1722914378, 1722915494
01,79335699046, 1722917045, 1722922375
01,79342098718, 1722919341, 1722921297
01,79335699046, 1722924354, 1722928813
02,79342098718, 1722927014, 1722930510
02,79335699046, 1722932470, 1722937953
01,79342098718, 1722935961, 1722938178
02,79335699046, 1722939975, 1722945099
02,79342098718, 1722941996, 1722942714
01,79342098718, 1722944478, 1722949708
02,79335699046, 1722950658, 1722955134
02,79342098718, 1722955781, 1722959560
01,79335699046, 1722957782, 1722960973
01,79342098718, 1722961406, 1722961845
01,79335699046, 1722962919, 1722965445
01,79335699046, 1722965843, 1722967630
02,79342098718, 1722968844, 1722972010
01,79335699046, 1722971070, 1722974076
01,79342098718, 1722974463, 1722981564
02,79335699046, 1722975262, 1722979260
01,79335699046, 1722985617, 1722989712
01,79342098718, 1722986201, 1722991483
01,79335699046, 1722993708, 1722996467
02,79342098718, 1722994602, 1723000035
01,79335699046, 1722998114, 1722999476
02,79342098718, 1723003268, 1723009273
01,79335699046, 1723005222, 1723009064
01,79342098718, 1723012617, 1723012959
01,79335699046, 1723013496, 1723020528
01,79342098718, 1723013678, 1723017348
01,79342098718, 1723018422, 1723021315
01,79342098718, 1723022296, 1723027909
01,79335699046, 1723025234, 1723030914
02,79342098718, 1723031580, 1723036399
02,79335699046, 1723032468, 1723037379
01,79342098718, 1723038960, 1723039831
02,79342098718, 1723040912, 1723044146
02,79335699046, 1723040981, 1723045363
01,79342098718, 1723045019, 1723050448
02,79335699046, 1723047944, 1723049107
01,79335699046, 1723052597, 1723056439
01,79342098718, 1723053608, 1723054914
01,79342098718, 1723061043, 1723066952
02,79335699046, 1723062331, 1723065595
01,79342098718, 1723071439, 1723077098
02,79335699046, 1723072386, 1723073626
01,79335699046, 1723077939, 1723084955
02,79342098718, 1723078116, 1723079783
01,79342098718, 1723084739, 1723088906
02,79335699046, 1723090466, 1723092814
01,79342098718, 1723095540, 1723098843
02,79335699046, 1723098965, 1723103991
01,79342098718, 1723104341, 1723108678
01,79335699046, 1723110773, 1723114951
01,79342098718, 1723114943, 1723115972
01,79335699046, 1723118162, 1723120296
02,79342098718, 1723121970, 1723129127
01,79335699046, 1723122924, 1723128424
02,79335699046, 1723132123, 1723136416
01,79342098718, 1723133162, 1723138325
01,79335699046, 1723136957, 1723138401
02,79342098718, 1723139883, 1723141239
02,79335699046, 1723142341, 1723145459
02,79342098718, 1723144139, 1723150278
01,79342098718, 1723151013, 1723154058
02,79335699046, 1723152145, 1723154021
01,79342098718, 1723155519, 1723161570
01,79335699046, 1723157723, 1723163214
02,79342098718, 1723162847, 1723168601
02,79335699046, 1723169418, 1723174753
01,79342098718, 1723170108, 1723174138
01,79335699046, 1723176635, 1723177037
02,79342098718, 1723177247, 1723181360
02,79335699046, 1723182680, 1723186702
01,79342098718, 1723183054, 1723186851
02,79342098718, 1723187909, 1723194123
01,79335699046, 1723193329, 1723196772
02,79335699046, 1723197678, 1723198423
02,79342098718, 1723201136, 1723208288
02,79335699046, 1723203569, 1723205824
01,79342098718, 1723211457, 1723217455
01,79335699046, 1723212379, 1723214044
01,79335699046, 1723218061, 1723220996
02,79342098718, 1723218353, 1723224237
01,79335699046, 1723227099, 1723227428
02,79342098718, 1723229565, 1723234611
01,79335699046, 1723229716, 1723236191
02,79342098718, 1723240433, 1723247533
02,79335699046, 1723243114, 1723245323
02,79342098718, 1723248528, 1723248886
01,79335699046, 1723252199, 1723255721
01,79342098718, 1723253540, 1723260052
02,79335699046, 1723260425, 1723263100
02,79342098718, 1723265403, 1723271472
01,79335699046, 1723267151, 1723272638
01,79342098718, 1723273571, 1723278509
02,79335699046, 1723274691, 1723277789
02,79342098718, 1723282447, 1723285953
02,79335699046, 1723283605, 1723285411
02,79342098718, 1723288189, 1723292638
01,79335699046, 1723289992, 1723291046
02,79342098718, 1723294713, 1723295850
02,79335699046, 1723295241, 1723300846
01,79335699046, 1723302023, 1723302968
02,79342098718, 1723302994, 1723303719
02,79335699046, 1723305626, 1723311653
02,79342098718, 1723309269, 1723311573
02,79342098718, 1723312373, 1723316497
01,79335699046, 1723313285, 1723318317
02,79342098718, 1723322202, 1723326376
02,79335699046, 1723322918, 1723326512
01,79342098718, 1723326939, 1723328262
02,79335699046, 1723328080, 1723331621
01,79342098718, 1723331910, 1723335451
01,79335699046, 1723335965, 1723340678
01,79342098718, 1723339326, 1723344038
02,79342098718, 1723345673, 1723346589
02,79335699046, 1723347706, 1723354715
02,79342098718, 1723347856, 1723353420
02,79342098718, 1723354186, 1723356790
02,79335699046, 1723358846, 1723361131
01,79342098718, 1723361574, 1723366996
02,79335699046, 1723366424, 1723368791
01,79342098718, 1723369208, 1723370581
02,79335699046, 1723374588, 1723377638
02,79342098718, 1723377738, 1723383969
02,79335699046, 1723384364, 1723385916
02,79342098718, 1723389258, 1723391207
02,79335699046, 1723392914, 1723393504
02,79342098718, 1723396979, 1723403948
01,79335699046, 1723399673, 1723403367
02,79342098718, 1723404783, 1723407583
02,79335699046, 1723406319, 1723408120
02,79335699046, 1723411979, 1723415174
02,79342098718, 1723413537, 1723419715
01,79335699046, 1723421208, 1723427067
01,79342098718, 1723425132, 1723426286
02,79342098718, 1723428657, 1723430060
02,79335699046, 1723431427, 1723437959
01,79342098718, 1723437043, 1723437925
02,79342098718, 1723439237, 1723444023
02,79335699046, 1723442767, 1723444438
01,79342098718, 1723445080, 1723447897
02,79335699046, 1723450955, 1723453294
01,79342098718, 1723453551, 1723459044
01,79335699046, 1723456980, 1723461990
01,79342098718, 1723461262, 1723462058
02,79335699046, 1723462389, 1723465539
01,79342098718, 1723465266, 1723468022
01,79335699046, 1723467778, 1723468123
01,79342098718, 1723471790, 1723474109
02,79335699046, 1723472480, 1723475353
02,79335699046, 1723476898, 1723481094
01,79342098718, 1723479074, 1723485351
01,79335699046, 1723485808, 1723488450
01,79342098718, 1723490502, 1723495256
02,79335699046, 1723492514, 1723496677
02,79342098718, 1723495815, 1723497912
01,79342098718, 1723500528, 1723503246
01,79335699046, 1723503457, 1723508275
01,79342098718, 1723508622, 1723512865
02,79335699046, 1723515232, 1723520419
01,79342098718, 1723515859, 1723520248
01,79342098718, 1723525487, 1723532461
02,79335699046, 1723526068, 1723533008
01,79342098718, 1723534248, 1723538836
02,79335699046, 1723534527, 1723536481
01,79335699046, 1723537101, 1723537644
01,79335699046, 1723538332, 1723542437
01,79335699046, 1723545329, 1723550769
02,79342098718, 1723545667, 1723548546
02,79342098718, 1723549178, 1723555807
02,79335699046, 1723556354, 1723558772
02,79342098718, 1723558880, 1723564872
01,79335699046, 1723563126, 1723568479
01,79335699046, 1723571439, 1723574129
02,79342098718, 1723571515, 1723572504
02,79335699046, 1723574553, 1723578739
01,79342098718, 1723577915, 1723578460
01,79335699046, 1723582989, 1723585958
02,79342098718, 1723584545, 1723588289
01,79335699046, 1723589537, 1723594111
01,79342098718, 1723594099, 1723598048
02,79335699046, 1723599193, 1723600594
02,79342098718, 1723600277, 1723603545
02,79335699046, 1723601207, 1723604869
01,79335699046, 1723606349, 1723611791
02,79342098718, 1723608453, 1723610866
02,79342098718, 1723614013, 1723616786
02,79335699046, 1723617595, 1723621320
01,79342098718, 1723620857, 1723626233
02,79335699046, 1723624636, 1723627771
01,79335699046, 1723629919, 1723634135
02,79342098718, 1723632952, 1723636402
01,79342098718, 1723638973, 1723644312
01,79335699046, 1723640634, 1723642657
02,79335699046, 1723647337, 1723651826
02,79342098718, 1723650638, 1723652456
02,79335699046, 1723657158, 1723660156
02,79342098718, 1723658151, 1723658603
02,79335699046, 1723660905, 1723661305
02,79342098718, 1723662502, 1723663543
02,79335699046, 1723664886, 1723667572
01,79342098718, 1723667291, 1723668610
01,79335699046, 1723670210, 1723674556
01,79342098718, 1723670374, 1723673387
02,79342098718, 1723674672, 1723675589
02,79335699046, 1723677055, 1723680810
02,79342098718, 1723680019, 1723681025
01,79335699046, 1723682529, 1723685987
01,79342098718, 1723686123, 1723691168
01,79335699046, 1723686572, 1723690491
02,79342098718, 1723694440, 1723697986
01,79335699046, 1723694800, 1723701951
01,79342098718, 1723702914, 1723704368
02,79335699046, 1723703844, 1723710624
01,79342098718, 1723711212, 1723714523
02,79342098718, 1723715858, 1723717592
02,79335699046, 1723716284, 1723721159
02,79342098718, 1723720741, 1723726075
02,79335699046, 1723726257, 1723732616
02,79342098718, 1723728640, 1723734896
01,79335699046, 1723734686, 1723740423
02,79342098718, 1723735641, 1723740222
02,79335699046, 1723746009, 1723752359
01,79342098718, 1723746821, 1723752129
01,79342098718, 1723754774, 1723758523
01,79335699046, 1723756539, 1723759212
02,79342098718, 1723761940, 1723765465
02,79335699046, 1723765406, 1723771268
02,79342098718, 1723770524, 1723770902
01,79342098718, 1723774739, 1723777749
01,79335699046, 1723775098, 1723777160
01,79335699046, 1723780160, 1723787095
02,79342098718, 1723784333, 1723786530
01,79342098718, 1723789523, 1723794509
02,79335699046, 1723792529, 1723797656
02,79342098718, 1723795737, 1723802864
01,79335699046, 1723799133, 1723803747
02,79335699046, 1723806009, 1723809552
01,79342098718, 1723809271, 1723816032
02,79335699046, 1723813745, 1723814437
02,79335699046, 1723821225, 1723827299
01,79342098718, 1723821775, 1723822823
01,79342098718, 1723826646, 1723830437
01,79335699046, 1723830211, 1723833400
01,79342098718, 1723833795, 1723834194
02,79342098718, 1723839571, 1723843082
02,79335699046, 1723839992, 1723842156
02,79342098718, 1723845613, 1723846559
01,79335699046, 1723847519, 1723850883
01,79342098718, 1723850946, 1723855404
01,79335699046, 1723852401, 1723857605
01,79342098718, 1723856710, 1723857692
02,79335699046, 1723862633, 1723869728
01,79342098718, 1723864582, 1723864917
01,79342098718, 1723870419, 1723874234
02,79335699046, 1723872784, 1723877987
01,79342098718, 1723877027, 1723883242
02,79335699046, 1723879258, 1723884693
01,79342098718, 1723886682, 1723891740
02,79335699046, 1723888612, 1723889380
02,79342098718, 1723894404, 1723897071
02,79335699046, 1723896399, 1723899707
02,79342098718, 1723899593, 1723905038
02,79335699046, 1723900293, 1723903789
02,79342098718, 1723907330, 1723910943
01,79335699046, 1723909554, 1723910261
02,79335699046, 1723912194, 1723918210
02,79342098718, 1723915098, 1723919115
02,79342098718, 1723919589, 1723924245
01,79335699046, 1723921761, 1723926351
01,79342098718, 1723926284, 1723927828
02,79335699046, 1723931244, 1723933858
01,79342098718, 1723933578, 1723940242
01,79335699046, 1723940278, 1723942380
02,79342098718, 1723944017, 1723947866
01,79335699046, 1723946335, 1723952024
02,79342098718, 1723948467, 1723952412
02,79342098718, 1723955335, 1723959238
02,79335699046, 1723958128, 1723961009
02,79342098718, 1723964386, 1723966559
01,79335699046, 1723967264, 1723971133
02,79342098718, 1723973711, 1723976257
02,79335699046, 1723977697, 1723981607
01,79342098718, 1723981215, 1723984899
02,79335699046, 1723985917, 1723987823
01,79342098718, 1723987172, 1723994109
02,79335699046, 1723993439, 1723996919
01,79342098718, 1723996433, 1724002269
01,79335699046, 1723999760, 1724003654
01,79342098718, 1724003886, 1724009232
02,79335699046, 1724004207, 1724008078
02,79335699046, 1724009097, 1724014286
02,79342098718, 1724011927, 1724012282
02,79342098718, 1724014914, 1724020039
01,79335699046, 1724019792, 1724023386
01,79342098718, 1724023981, 1724030278
01,79335699046, 1724024943, 1724028024
02,79335699046, 1724029862, 1724032733
02,79335699046, 1724035097, 1724041565
02,79342098718, 1724035918, 1724041558
02,79342098718, 1724043817, 1724045425
01,79335699046, 1724046106, 1724050828
01,79342098718, 1724048155, 1724051175
01,79335699046, 1724052523, 1724058541
01,79342098718, 1724056732, 1724060165
02,79335699046, 1724064742, 1724070239
01,79342098718, 1724066547, 1724073163
01,79335699046, 1724074943, 1724076024
02,79342098718, 1724077547, 1724079343
01,79335699046, 1724078175, 1724084464
02,79342098718, 1724081939, 1724086381
02,79335699046, 1724085358, 1724087476
02,79335699046, 1724090559, 1724093228
01,79342098718, 1724090830, 1724095411
02,79335699046, 1724097785, 1724103846
01,79342098718, 1724101824, 1724106984
01,79335699046, 1724104327, 1724110870
01,79342098718, 1724108305, 1724113464
01,79335699046, 1724113640, 1724117674
01,79342098718, 1724117478, 1724119675
02,79335699046, 1724123944, 1724130085
01,79342098718, 1724125000, 1724128628
02,79342098718, 1724133903, 1724138881
01,79335699046, 1724134987, 1724139103
02,79342098718, 1724140632, 1724147726
01,79335699046, 1724143742, 1724149004
01,79342098718, 1724150135, 1724153220
01,79335699046, 1724156058, 1724160043
02,79342098718, 1724159164, 1724163395
01,79335699046, 1724166363, 1724168274
02,79342098718, 1724169925, 1724171884
02,79335699046, 1724171754, 1724176649
01,79342098718, 1724174042, 1724177621
02,79335699046, 1724178703, 1724179553
01,79342098718, 1724183111, 1724186869
01,79335699046, 1724183758, 1724184678
02,79335699046, 1724189441, 1724192973
02,79342098718, 1724192294, 1724193749
01,79335699046, 1724195752, 1724197776
02,79342098718, 1724196249, 1724197538
02,79342098718, 1724198049, 1724202637
01,79335699046, 1724202543, 1724203014
01,79335699046, 1724208236, 1724212968
02,79342098718, 1724209198, 1724213506
02,79342098718, 1724215646, 1724219841
01,79335699046, 1724218545, 1724220375
01,79342098718, 1724220371, 1724225195
02,79342098718, 1724226819, 1724231515
01,79335699046, 1724227395, 1724228460
01,79342098718, 1724234648, 1724236489
01,79335699046, 1724235126, 1724237695
01,79335699046, 1724238312, 1724241796
01,79342098718, 1724238677, 1724244222
02,79342098718, 1724247056, 1724252473
01,79335699046, 1724248495, 1724249392
02,79335699046, 1724254401, 1724258370
02,79342098718, 1724257390, 1724259389
01,79335699046, 1724260260, 1724263494
01,79342098718, 1724264034, 1724269319
01,79335699046, 1724268079, 1724269381
01,79342098718, 1724275152, 1724279813
01,79335699046, 1724275512, 1724281654
01,79342098718, 1724281343, 1724287933
02,79335699046, 1724287132, 1724290644
01,79342098718, 1724291035, 1724294505
02,79335699046, 1724294326, 1724295752
02,79342098718, 1724300523, 1724301123
01,79335699046, 1724301430, 1724307172
02,79342098718, 1724306680, 1724311069
01,79335699046, 1724311383, 1724314266
02,79342098718, 1724311745, 1724316932
01,79335699046, 1724317865, 1724324892
01,79342098718, 1724322220, 1724322604
02,79335699046, 1724325279, 1724329464
01,79342098718, 1724326413, 1724330980
01,79335699046, 1724329822, 1724337004
02,79342098718, 1724334721, 1724338843
02,79335699046, 1724341005, 1724343121
01,79342098718, 1724342597, 1724345961
02,79335699046, 1724343922, 1724348223
01,79335699046, 1724349093, 1724351517
02,79342098718, 1724350960, 1724354226
02,79335699046, 1724354031, 1724355882
02,79335699046, 1724358145, 1724362670
02,79342098718, 1724358617, 1724363957
01,79335699046, 1724367366, 1724373681
01,79342098718, 1724370455, 1724377060
01,79335699046, 1724380493, 1724382450
01,79342098718, 1724381029, 1724388192
02,79335699046, 1724386441, 1724391479
01,79342098718, 1724391231, 1724397287
01,79335699046, 1724393753, 1724400529
01,79342098718, 1724401851, 1724402308
01,79335699046, 1724404629, 1724407490
01,79342098718, 1724409454, 1724415084
02,79335699046, 1724413511, 1724415353
01,79342098718, 1724417836, 1724423250
01,79335699046, 1724420648, 1724424351
02,79342098718, 1724425939, 1724432451
01,79335699046, 1724427044, 1724428287
01,79342098718, 1724433777, 1724440545
01,79335699046, 1724435461, 1724442506
01,79342098718, 1724442019, 1724445943
02,79335699046, 1724447181, 1724448718
02,79342098718, 1724452263, 1724454282
02,79335699046, 1724452781, 1724457210
01,79335699046, 1724458871, 1724465023
01,79342098718, 1724461330, 1724461840
02,79342098718, 1724463305, 1724469014
01,79335699046, 1724469548, 1724471383
02,79335699046, 1724472697, 1724479659
02,79342098718, 1724473416, 1724478658
01,79335699046, 1724480258, 1724484685
01,79335699046, 1724485308, 1724491994
02,79342098718, 1724485748, 1724487825
01,79342098718, 1724491563, 1724493437
02,79342098718, 1724495199, 1724496984
02,79335699046, 1724495357, 1724495912
01,79342098718, 1724497586, 1724504169
01,79335699046, 1724499815, 1724506773
02,79342098718, 1724507438, 1724513959
02,79335699046, 1724507528, 1724514248
02,79335699046, 1724515342, 1724518024
02,79342098718, 1724516449, 1724517016
02,79335699046, 1724521271, 1724527875
02,79342098718, 1724522542, 1724526283
01,79342098718, 1724528173, 1724528511
01,79335699046, 1724530566, 1724531816
01,79342098718, 1724531030, 1724533425
01,79342098718, 1724536058, 1724541505
01,79335699046, 1724538815, 1724540410
02,79342098718, 1724545887, 1724548071
01,79335699046, 1724545914, 1724548102
02,79342098718, 1724553214, 1724560073
02,79335699046, 1724554620, 1724561012
01,79342098718, 1724564463, 1724566331
02,79335699046, 1724568003, 1724574840
01,79342098718, 1724568642, 1724572926
02,79342098718, 1724577544, 1724581692
02,79335699046, 1724579968, 1724584564
02,79342098718, 1724584050, 1724591125
01,79335699046, 1724589755, 1724596440
01,79342098718, 1724591739, 1724595881
02,79335699046, 1724599968, 1724600441
02,79342098718, 1724600514, 1724602738
01,79342098718, 1724604162, 1724608564
02,79335699046, 1724607396, 1724611901
01,79342098718, 1724611625, 1724614584
01,79335699046, 1724615328, 1724621624
01,79342098718, 1724621110, 1724621649
01,79342098718, 1724625619, 1724629652
02,79335699046, 1724626707, 1724627034
01,79335699046, 1724631420, 1724633665
02,79342098718, 1724631764, 1724632529
01,79342098718, 1724633426, 1724633992
02,79342098718, 1724637272, 1724639504
02,79335699046, 1724640214, 1724641413
01,79342098718, 1724643179, 1724647520
01,79335699046, 1724647015, 1724647743
01,79335699046, 1724649870, 1724654802
01,79342098718, 1724650526, 1724652844
02,79342098718, 1724653204, 1724655026
01,79342098718, 1724655464, 1724657619
01,79335699046, 1724659225, 1724663991
01,79342098718, 1724664080, 1724669202
01,79335699046, 1724669852, 1724675242
02,79342098718, 1724673967, 1724679317
01,79335699046, 1724681320, 1724687011
01,79342098718, 1724684995, 1724689489
01,79335699046, 1724687400, 1724691345
01,79342098718, 1724695058, 1724697047
02,79335699046, 1724695389, 1724696407
02,79335699046, 1724698438, 1724704137
01,79342098718, 1724702686, 1724709481
02,79335699046, 1724705498, 1724711045
02,79342098718, 1724712705, 1724715827
01,79335699046, 1724717896, 1724719664
02,79342098718, 1724720761, 1724725139
01,79335699046, 1724721402, 1724727081
01,79335699046, 1724729379, 1724736422
01,79342098718, 1724731747, 1724735327
01,79342098718, 1724736750, 1724743275
01,79335699046, 1724741289, 1724747292
01,79342098718, 1724746907, 1724750124
01,79335699046, 1724751598, 1724754756
02,79342098718, 1724752456, 1724756004
02,79335699046, 1724759944, 1724764620
01,79342098718, 1724761887, 1724767544
01,79335699046, 1724765453, 1724769364
02,79342098718, 1724768736, 1724774727
01,79335699046, 1724770651, 1724770974
02,79335699046, 1724772939, 1724778404
02,79342098718, 1724776422, 1724777995
02,79335699046, 1724783664, 1724789350
02,79342098718, 1724784941, 1724788666
01,79335699046, 1724789911, 1724792037
01,79342098718, 1724792059, 1724799062
02,79335699046, 1724797226, 1724802603
01,79342098718, 1724802428, 1724807234
01,79335699046, 1724803031, 1724808757
02,79335699046, 1724811402, 1724815562
02,79342098718, 1724811434, 1724817388
02,79335699046, 1724820202, 1724825676
01,79342098718, 1724823616, 1724824506
01,79342098718, 1724830454, 1724831488
01,79335699046, 1724831691, 1724837121
02,79342098718, 1724832794, 1724838215
02,79342098718, 1724839869, 1724840605
02,79335699046, 1724842479, 1724843783
02,79342098718, 1724847655, 1724852050
01,79335699046, 1724848990, 1724854273
02,79342098718, 1724855688, 1724862501
01,79335699046, 1724860894, 1724863081
02,79342098718, 1724865437, 1724866218
01,79335699046, 1724865702, 1724870621
01,79342098718, 1724866602, 1724870287
01,79335699046, 1724875450, 1724881329
01,79342098718, 1724875601, 1724880927
01,79342098718, 1724883002, 1724883901
01,79335699046, 1724884000, 1724887698
01,79342098718, 1724884263, 1724887084
01,79342098718, 1724888860, 1724889553
01,79335699046, 1724892565, 1724896402
01,79342098718, 1724894409, 1724897173
01,79335699046, 1724900125, 1724902049
02,79335699046, 1724902684, 1724904322
01,79342098718, 1724904332, 1724906917
01,79335699046, 1724910939, 1724911621
01,79342098718, 1724912074, 1724914752
02,79335699046, 1724915810, 1724922384
02,79342098718, 1724921609, 1724926944
02,79335699046, 1724926115, 1724926814
02,79342098718, 1724932228, 1724939163
02,79335699046, 1724932790, 1724935138
02,79335699046, 1724940021, 1724946503
01,79342098718, 1724945918, 1724948684
02,79335699046, 1724951436, 1724951798
02,79335699046, 1724953667, 1724959956
01,79342098718, 1724953917, 1724956585
02,79342098718, 1724957487, 1724962257
01,79335699046, 1724961240, 1724966790
02,79342098718, 1724963877, 1724967023
01,79335699046, 1724973564, 1724976403
01,79342098718, 1724973711, 1724974888
01,79335699046, 1724978729, 1724980725
02,79342098718, 1724980799, 1724987218
01,79335699046, 1724984254, 1724990454
02,79342098718, 1724990261, 1724994594
01,79335699046, 1724993234, 1724996997
02,79342098718, 1725000066, 1725006498
01,79335699046, 1725002611, 1725007008
02,79342098718, 1725007571, 1725013997
01,79335699046, 1725008247, 1725010810
02,79335699046, 1725013983, 1725019978
02,79342098718, 1725014503, 1725015454
02,79342098718, 1725020807, 1725026320
01,79335699046, 1725023467, 1725029445
02,79342098718, 1725027343, 1725032303
02,79342098718, 1725033787, 1725040027
02,79335699046, 1725034741, 1725036805
02,79342098718, 1725041095, 1725042186
02,79335699046, 1725042361, 1725048947
02,79342098718, 1725046653, 1725051156
01,79335699046, 1725050228, 1725050981
01,79342098718, 1725057109, 1725061843
01,79335699046, 1725057379, 1725060694
