01,79259776019, 1690848000, 1690848360
02,79258838424, 1690848000, 1690850120
02,79354767268, 1690848000, 1690848225
02,79272127553, 1690848000, 1690851300
01,79211141771, 1690848000, 1690848720
02,79336012866, 1690848000, 1690848081
01,79288371531, 1690848000, 1690848168
01,79263333621, 1690848000, 1690849024
02,79287252151, 1690848000, 1690848240
02,79279214658, 1690848000, 1690848088
02,79364535287, 1690848000, 1690849300
02,79208316358, 1690848000, 1690850068
01,79269575912, 1690848000, 1690850867
02,79343792645, 1690848000, 1690848168
02,79267278606, 1690848000, 1690848456
02,79364535287, 1690853084, 1690853159
02,79269575912, 1690854565, 1690854753
01,79354767268, 1690857975, 1690858560
02,79354767268, 1690863435, 1690863885
01,79263333621, 1690864870, 1690865654
02,79336012866, 1690868411, 1690868681
02,79287252151, 1690869272, 1690869692
02,79211141771, 1690869484, 1690869484
01,79272127553, 1690872640, 1690874950
02,79287252151, 1690874950, 1690875130
02,79364535287, 1690879647, 1690879997
02,79364535287, 1690883781, 1690884456
01,79267278606, 1690893842, 1690893975
01,79279214658, 1690898006, 1690898105
01,79354767268, 1690902885, 1690903380
02,79354767268, 1690903380, 1690905675
01,79211141771, 1690911012, 1690911462
01,79364535287, 1690929864, 1690930189
02,79272127553, 1690930434, 1690931754
01,79211141771, 1690952990, 1690953116
02,79343792645, 1690955037, 1690955661
01,79364535287, 1690956677, 1690956752
01,79354767268, 1690973925, 1690974195
02,79343792645, 1690981106, 1690981682
01,79272127553, 1690982970, 1690984015
02,79364535287, 1690998376, 1690998651
02,79272127553, 1691013891, 1691015156
02,79336012866, 1691027255, 1691027552
02,79354767268, 1691042445, 1691045190
02,79336012866, 1691043816, 1691044140
01,79258838424, 1691048864, 1691049144
02,79272127553, 1691053568, 1691056813
01,79263333621, 1691055806, 1691056558
01,79288371531, 1691059260, 1691060247
02,79354767268, 1691059815, 1691062155
01,79272127553, 1691073885, 1691074710
01,79269575912, 1691080331, 1691080895
01,79267278606, 1691087897, 1691088125
02,79354767268, 1691091405, 1691091540
01,79208316358, 1691118952, 1691119469
02,79288371531, 1691130611, 1691130611
02,79272127553, 1691134462, 1691135177
02,79267278606, 1691137637, 1691138131
01,79287252151, 1691143288, 1691143498
02,79354767268, 1691145165, 1691145570
01,79354767268, 1691145570, 1691147775
02,79208316358, 1691149345, 1691150661
01,79279214658, 1691152233, 1691152915
02,79364535287, 1691157579, 1691157904
01,79336012866, 1691157988, 1691158501
02,79336012866, 1691158501, 1691158663
02,79269575912, 1691158553, 1691158553
02,79259776019, 1691162792, 1691163002
01,79267278606, 1691167013, 1691167108
02,79288371531, 1691175845, 1691175845
01,79259776019, 1691177741, 1691179661
02,79279214658, 1691189219, 1691189923
02,79288371531, 1691190923, 1691192162
02,79336012866, 1691191191, 1691191407
02,79208316358, 1691193341, 1691194469
02,79267278606, 1691200116, 1691200116
01,79263333621, 1691209736, 1691210552
01,79336012866, 1691211737, 1691211980
01,79336012866, 1691220112, 1691220409
01,79279214658, 1691221689, 1691221964
01,79208316358, 1691224345, 1691226507
01,79336012866, 1691224475, 1691225258
02,79364535287, 1691229800, 1691230850
02,79263333621, 1691236962, 1691236994
01,79267278606, 1691237250, 1691238428
01,79364535287, 1691242202, 1691243427
01,79267278606, 1691250806, 1691250806
01,79336012866, 1691257786, 1691258110
01,79336012866, 1691258110, 1691258299
01,79208316358, 1691269187, 1691272007
02,79258838424, 1691274642, 1691274882
01,79343792645, 1691276844, 1691277732
02,79211141771, 1691280149, 1691280545
01,79208316358, 1691289079, 1691289361
01,79263333621, 1691305660, 1691305740
01,79272127553, 1691305897, 1691306062
01,79258838424, 1691309280, 1691309960
01,79269575912, 1691317567, 1691317849
02,79364535287, 1691319107, 1691319107
02,79208316358, 1691323505, 1691323928
02,79267278606, 1691329200, 1691329504
01,79211141771, 1691342837, 1691343953
01,79269575912, 1691358527, 1691361441
01,79258838424, 1691359646, 1691361246
01,79272127553, 1691361546, 1691362206
02,79343792645, 1691369334, 1691369478
02,79288371531, 1691378124, 1691378313
02,79288371531, 1691383339, 1691383381
01,79272127553, 1691383546, 1691384151
02,79259776019, 1691386007, 1691386277
01,79288371531, 1691388407, 1691388659
02,79354767268, 1691391525, 1691391615
01,79354767268, 1691396490, 1691396535
02,79208316358, 1691422092, 1691423220
02,79208316358, 1691427488, 1691428146
01,79267278606, 1691428528, 1691428528
01,79354767268, 1691430660, 1691433225
01,79354767268, 1691433225, 1691435205
02,79208316358, 1691436682, 1691439173
02,79287252151, 1691437946, 1691439176
02,79272127553, 1691439635, 1691440240
01,79267278606, 1691440906, 1691441020
01,79272127553, 1691444508, 1691445278
02,79336012866, 1691461599, 1691461950
02,79211141771, 1691463346, 1691464426
01,79364535287, 1691466683, 1691467008
02,79364535287, 1691470792, 1691470867
01,79336012866, 1691474148, 1691474499
02,79211141771, 1691479999, 1691481097
02,79279214658, 1691494244, 1691494398
01,79354767268, 1691498580, 1691498940
01,79364535287, 1691512491, 1691512541
01,79263333621, 1691527584, 1691527632
01,79354767268, 1691533065, 1691533695
02,79354767268, 1691538570, 1691538795
02,79364535287, 1691546597, 1691546772
01,79269575912, 1691557435, 1691559550
01,79258838424, 1691563812, 1691563892
01,79343792645, 1691573038, 1691574526
01,79354767268, 1691582670, 1691583750
02,79263333621, 1691585734, 1691585830
02,79208316358, 1691588553, 1691589211
01,79258838424, 1691590646, 1691592766
01,79354767268, 1691598375, 1691598960
01,79272127553, 1691603194, 1691603304
01,79263333621, 1691606958, 1691607166
02,79343792645, 1691610149, 1691610989
02,79288371531, 1691614829, 1691616173
02,79269575912, 1691622416, 1691625283
02,79288371531, 1691626225, 1691626246
01,79267278606, 1691634942, 1691634961
02,79208316358, 1691644695, 1691646998
02,79272127553, 1691645984, 1691645984
01,79259776019, 1691646666, 1691646816
02,79354767268, 1691662335, 1691662965
01,79272127553, 1691680128, 1691680128
02,79288371531, 1691681532, 1691682666
01,79354767268, 1691697090, 1691697495
02,79208316358, 1691698214, 1691698402
01,79259776019, 1691700859, 1691702599
02,79259776019, 1691702599, 1691702809
01,79336012866, 1691714393, 1691714582
01,79287252151, 1691728366, 1691728786
01,79288371531, 1691737952, 1691738141
01,79288371531, 1691743167, 1691743755
02,79287252151, 1691749818, 1691750448
02,79279214658, 1691766678, 1691766678
02,79364535287, 1691781380, 1691781680
01,79279214658, 1691789368, 1691789379
01,79267278606, 1691800001, 1691800115
02,79288371531, 1691804067, 1691804130
02,79211141771, 1691808130, 1691809246
01,79288371531, 1691824234, 1691825242
01,79288371531, 1691825242, 1691826019
01,79258838424, 1691833552, 1691835072
02,79269575912, 1691836069, 1691836351
01,79269575912, 1691836351, 1691838560
02,79211141771, 1691845583, 1691845601
02,79269575912, 1691853352, 1691853869
01,79258838424, 1691877114, 1691878874
02,79343792645, 1691885795, 1691885939
01,79354767268, 1691892495, 1691892585
01,79269575912, 1691905641, 1691908508
01,79354767268, 1691907210, 1691909820
02,79208316358, 1691907534, 1691908051
02,79258838424, 1691913272, 1691913432
01,79263333621, 1691929368, 1691930344
01,79343792645, 1691931740, 1691932316
02,79354767268, 1691934195, 1691934195
02,79336012866, 1691942278, 1691942359
01,79272127553, 1691949012, 1691951432
01,79208316358, 1691950731, 1691952893
02,79208316358, 1691952893, 1691955854
02,79269575912, 1691956582, 1691958932
02,79263333621, 1691967318, 1691967398
02,79364535287, 1691986016, 1691987466
01,79272127553, 1691994112, 1691994717
02,79287252151, 1691997574, 1691997934
02,79287252151, 1691997934, 1691997964
02,79267278606, 1691998163, 1691998296
02,79263333621, 1691999090, 1691999970
01,79364535287, 1692002602, 1692004002
01,79259776019, 1692007415, 1692007655
01,79288371531, 1692011981, 1692012128
02,79272127553, 1692020325, 1692020325
02,79272127553, 1692028861, 1692029741
01,79269575912, 1692040288, 1692040899
01,79336012866, 1692044009, 1692044009
02,79364535287, 1692045626, 1692046876
02,79279214658, 1692052583, 1692053265
02,79287252151, 1692055802, 1692057692
02,79267278606, 1692056060, 1692057276
02,79263333621, 1692058072, 1692058200
01,79269575912, 1692070483, 1692071141
02,79288371531, 1692077466, 1692078558
01,79287252151, 1692078724, 1692079534
02,79258838424, 1692081600, 1692081800
01,79364535287, 1692092284, 1692092784
01,79267278606, 1692094410, 1692094923
01,79211141771, 1692094769, 1692094877
02,79269575912, 1692111819, 1692113652
02,79263333621, 1692126866, 1692127826
01,79258838424, 1692135308, 1692135748
02,79354767268, 1692138945, 1692139800
01,79354767268, 1692173925, 1692174780
01,79259776019, 1692179610, 1692181320
02,79263333621, 1692191210, 1692191242
01,79208316358, 1692194862, 1692195191
01,79287252151, 1692195210, 1692195240
01,79364535287, 1692198736, 1692198786
02,79287252151, 1692205756, 1692206086
01,79336012866, 1692226979, 1692227087
01,79364535287, 1692236626, 1692236926
02,79343792645, 1692242745, 1692244041
01,79259776019, 1692245189, 1692245339
02,79272127553, 1692251677, 1692251842
01,79287252151, 1692253408, 1692255208
02,79208316358, 1692254943, 1692255366
01,79336012866, 1692263681, 1692263951
02,79336012866, 1692263951, 1692264275
02,79263333621, 1692265190, 1692265190
01,79336012866, 1692268341, 1692270015
02,79343792645, 1692269486, 1692269774
01,79288371531, 1692269546, 1692269714
01,79279214658, 1692298317, 1692298845
02,79272127553, 1692298790, 1692299340
02,79263333621, 1692302164, 1692303124
01,79279214658, 1692303383, 1692303999
02,79279214658, 1692303999, 1692304208
01,79343792645, 1692305397, 1692305421
01,79272127553, 1692307876, 1692308481
01,79269575912, 1692317042, 1692317277
02,79258838424, 1692319204, 1692320724
01,79272127553, 1692321285, 1692324420
02,79267278606, 1692334231, 1692334326
02,79288371531, 1692335052, 1692335346
02,79258838424, 1692336012, 1692336052
01,79288371531, 1692345398, 1692346511
01,79208316358, 1692349262, 1692349591
02,79272127553, 1692350028, 1692350413
02,79211141771, 1692354427, 1692354517
01,79279214658, 1692358664, 1692358752
02,79269575912, 1692369049, 1692372010
02,79269575912, 1692386802, 1692387178
01,79336012866, 1692387929, 1692389603
02,79267278606, 1692387964, 1692388933
01,79263333621, 1692398200, 1692398312
02,79272127553, 1692401629, 1692402234
02,79343792645, 1692407201, 1692407417
02,79263333621, 1692408876, 1692409516
02,79354767268, 1692418530, 1692418530
02,79354767268, 1692423405, 1692423495
01,79211141771, 1692427191, 1692427407
01,79269575912, 1692427856, 1692428185
02,79272127553, 1692432110, 1692432660
02,79354767268, 1692433245, 1692433245
01,79343792645, 1692458307, 1692458451
02,79211141771, 1692458553, 1692458805
01,79259776019, 1692461511, 1692461691
01,79364535287, 1692463966, 1692465191
01,79354767268, 1692467370, 1692468315
01,79269575912, 1692472561, 1692473548
02,79211141771, 1692479569, 1692479821
02,79288371531, 1692482213, 1692482549
02,79336012866, 1692495319, 1692496561
01,79364535287, 1692495463, 1692495538
02,79364535287, 1692499322, 1692499697
01,79343792645, 1692504252, 1692504276
01,79288371531, 1692507679, 1692508666
02,79263333621, 1692509874, 1692509922
01,79259776019, 1692510821, 1692510821
02,79364535287, 1692511049, 1692512549
02,79343792645, 1692529721, 1692529889
01,79364535287, 1692539037, 1692539287
01,79287252151, 1692539140, 1692539200
01,79208316358, 1692550187, 1692552866
01,79211141771, 1692557686, 1692557758
02,79279214658, 1692572038, 1692572731
02,79279214658, 1692572731, 1692572764
02,79287252151, 1692576006, 1692576396
02,79258838424, 1692576838, 1692577158
01,79343792645, 1692585868, 1692587356
02,79343792645, 1692592445, 1692593813
02,79263333621, 1692594434, 1692594754
01,79269575912, 1692606676, 1692609684
01,79343792645, 1692614169, 1692614361
02,79272127553, 1692616184, 1692616184
01,79287252151, 1692618460, 1692619300
02,79211141771, 1692620050, 1692620806
02,79258838424, 1692623022, 1692624142
01,79211141771, 1692625997, 1692626069
01,79258838424, 1692631786, 1692632666
01,79267278606, 1692632367, 1692632823
01,79272127553, 1692646060, 1692648700
02,79211141771, 1692657215, 1692657449
02,79269575912, 1692657758, 1692659967
01,79279214658, 1692663524, 1692663535
02,79269575912, 1692667363, 1692667504
01,79272127553, 1692670040, 1692673285
02,79354767268, 1692673065, 1692673740
01,79208316358, 1692676638, 1692677860
01,79343792645, 1692680518, 1692680662
01,79267278606, 1692682335, 1692682544
02,79208316358, 1692686396, 1692686631
01,79211141771, 1692704168, 1692704330
02,79272127553, 1692707429, 1692707539
02,79211141771, 1692714712, 1692714820
02,79354767268, 1692717615, 1692717930
02,79272127553, 1692728879, 1692728989
02,79259776019, 1692746645, 1692746915
02,79343792645, 1692751908, 1692752268
01,79354767268, 1692752055, 1692752820
02,79336012866, 1692756785, 1692757109
01,79269575912, 1692763652, 1692765297
02,79258838424, 1692770258, 1692770538
01,79336012866, 1692773373, 1692774966
02,79364535287, 1692773895, 1692774220
02,79364535287, 1692789356, 1692789356
02,79279214658, 1692790599, 1692790797
01,79259776019, 1692810784, 1692810784
01,79279214658, 1692813487, 1692814125
01,79263333621, 1692816598, 1692816710
01,79288371531, 1692820278, 1692820509
02,79267278606, 1692826954, 1692827220
02,79259776019, 1692845175, 1692845415
01,79208316358, 1692853083, 1692853412
01,79364535287, 1692861252, 1692861252
01,79267278606, 1692872606, 1692873803
02,79267278606, 1692877929, 1692878632
01,79336012866, 1692888814, 1692889165
02,79272127553, 1692895441, 1692895606
01,79364535287, 1692899092, 1692899342
02,79259776019, 1692904371, 1692904461
01,79287252151, 1692908490, 1692909330
02,79364535287, 1692918262, 1692919512
02,79279214658, 1692927575, 1692928169
02,79267278606, 1692936396, 1692936453
01,79336012866, 1692946089, 1692946818
02,79267278606, 1692961209, 1692961418
02,79279214658, 1692964473, 1692964924
01,79354767268, 1692967320, 1692967455
02,79269575912, 1692990875, 1692993883
01,79279214658, 1692992152, 1692992350
02,79354767268, 1693006455, 1693006815
02,79258838424, 1693011324, 1693011804
02,79354767268, 1693011690, 1693013670
02,79211141771, 1693026280, 1693026496
02,79211141771, 1693068024, 1693068024
01,79354767268, 1693072170, 1693072620
02,79343792645, 1693072875, 1693072875
01,79263333621, 1693075528, 1693076328
02,79364535287, 1693101144, 1693101394
01,79364535287, 1693101394, 1693102544
02,79258838424, 1693103532, 1693104052
01,79208316358, 1693109492, 1693109680
02,79343792645, 1693123765, 1693123909
02,79336012866, 1693125722, 1693125830
01,79288371531, 1693127095, 1693127095
01,79287252151, 1693135424, 1693135604
02,79211141771, 1693135507, 1693135759
01,79287252151, 1693135604, 1693137464
01,79258838424, 1693138450, 1693139290
02,79272127553, 1693138882, 1693141247
01,79364535287, 1693140384, 1693141459
02,79364535287, 1693145243, 1693145393
01,79354767268, 1693145745, 1693145925
01,79211141771, 1693161714, 1693161984
01,79208316358, 1693165164, 1693165211
01,79269575912, 1693167689, 1693168253
02,79258838424, 1693169866, 1693170106
02,79279214658, 1693178408, 1693178496
02,79208316358, 1693182283, 1693182424
01,79288371531, 1693187407, 1693188688
01,79267278606, 1693188348, 1693189127
01,79364535287, 1693190801, 1693192376
02,79364535287, 1693192376, 1693192651
01,79208316358, 1693199496, 1693201376
01,79279214658, 1693214800, 1693214866
01,79259776019, 1693218893, 1693219313
01,79258838424, 1693223614, 1693223974
02,79211141771, 1693224276, 1693225248
01,79267278606, 1693226261, 1693227002
02,79267278606, 1693231128, 1693232287
02,79364535287, 1693238059, 1693238384
01,79336012866, 1693239678, 1693239705
01,79272127553, 1693243679, 1693243679
01,79336012866, 1693243771, 1693244149
01,79288371531, 1693243974, 1693244037
02,79259776019, 1693248791, 1693248971
02,79258838424, 1693262194, 1693262714
01,79267278606, 1693269421, 1693269687
02,79211141771, 1693282349, 1693282997
02,79364535287, 1693283792, 1693285392
02,79288371531, 1693289271, 1693289271
02,79336012866, 1693292941, 1693292995
01,79263333621, 1693298172, 1693298748
01,79279214658, 1693305626, 1693306330
01,79208316358, 1693312344, 1693315352
02,79258838424, 1693320044, 1693321924
02,79336012866, 1693321457, 1693321538
01,79269575912, 1693338361, 1693339113
02,79288371531, 1693349583, 1693349583
02,79263333621, 1693362132, 1693362580
02,79211141771, 1693376435, 1693377317
02,79354767268, 1693384800, 1693387455
01,79263333621, 1693388990, 1693389278
01,79288371531, 1693399843, 1693399990
01,79354767268, 1693411830, 1693412010
02,79211141771, 1693418845, 1693419043
01,79288371531, 1693420094, 1693420094
01,79343792645, 1693439427, 1693439739
