02,79254440072, 1727740800, 1727740800
02,79309518740, 1727740800, 1727740828
02,79272141173, 1727740800, 1727740824
02,79314383367, 1727740800, 1727740962
02,79359271586, 1727740800, 1727741170
02,79362981296, 1727740800, 1727742690
02,79223961161, 1727740800, 1727741090
02,79259422805, 1727740800, 1727741916
01,79237015311, 1727740800, 1727741007
01,79358165911, 1727740800, 1727740824
02,79222048877, 1727740800, 1727741260
01,79366775930, 1727740800, 1727741050
02,79225894221, 1727740800, 1727740888
01,79268147646, 1727740800, 1727740917
01,79203493575, 1727740800, 1727742752
01,79203493575, 1727757784, 1727757880
02,79225894221, 1727765653, 1727766049
01,79225894221, 1727766049, 1727768601
01,79314383367, 1727778377, 1727779187
01,79366775930, 1727788606, 1727789631
02,79272141173, 1727799984, 1727800560
02,79366775930, 1727801520, 1727803020
01,79362981296, 1727806146, 1727806734
01,79225894221, 1727813178, 1727814366
02,79223961161, 1727868958, 1727869422
02,79203493575, 1727889410, 1727891010
02,79359271586, 1727903981, 1727904277
01,79358165911, 1727916954, 1727917014
02,79223961161, 1727918602, 1727919066
01,79254440072, 1727922000, 1727922000
02,79203493575, 1727924832, 1727924992
02,79237015311, 1727932407, 1727933787
01,79358165911, 1727944824, 1727945256
02,79362981296, 1727954798, 1727957486
02,79237015311, 1727955537, 1727955629
02,79358165911, 1727963796, 1727963916
01,79237015311, 1727964329, 1727965387
01,79309518740, 1727974134, 1727974302
02,79223961161, 1727978082, 1727979706
02,79359271586, 1727983697, 1727983882
02,79254440072, 1727986175, 1727986735
01,79225894221, 1727992674, 1727992806
02,79359271586, 1727995795, 1727996202
01,79225894221, 1727997759, 1727998067
02,79225894221, 1727998067, 1727999123
01,79309518740, 1728000714, 1728000966
02,79309518740, 1728000966, 1728001330
02,79254440072, 1728001835, 1728002275
01,79366775930, 1728005133, 1728005283
02,79309518740, 1728014536, 1728014620
01,79366775930, 1728017172, 1728017697
02,79268147646, 1728034678, 1728035497
02,79222048877, 1728040953, 1728040999
02,79223961161, 1728043640, 1728044278
02,79259422805, 1728043760, 1728043850
02,79309518740, 1728049836, 1728050592
02,79254440072, 1728055125, 1728057525
02,79203493575, 1728056522, 1728056906
02,79268147646, 1728060392, 1728060574
01,79272141173, 1728066780, 1728067092
02,79203493575, 1728075696, 1728077424
01,79314383367, 1728083852, 1728085310
02,79268147646, 1728090448, 1728090682
01,79259422805, 1728095010, 1728095262
02,79259422805, 1728095262, 1728096396
01,79268147646, 1728100640, 1728101316
02,79254440072, 1728106600, 1728107000
01,79259422805, 1728111744, 1728111960
01,79223961161, 1728113130, 1728113130
02,79254440072, 1728125875, 1728127515
01,79272141173, 1728131182, 1728131590
01,79268147646, 1728131190, 1728131359
02,79223961161, 1728142638, 1728143740
02,79268147646, 1728146296, 1728146764
02,79314383367, 1728154795, 1728155929
01,79254440072, 1728184140, 1728185100
02,79268147646, 1728186596, 1728186726
01,79259422805, 1728193816, 1728193924
01,79358165911, 1728204936, 1728205056
02,79359271586, 1728206665, 1728206998
01,79314383367, 1728209379, 1728210027
02,79254440072, 1728222850, 1728223290
01,79259422805, 1728224620, 1728224836
02,79237015311, 1728230737, 1728231611
01,79222048877, 1728242432, 1728242984
02,79259422805, 1728245300, 1728245534
02,79225894221, 1728246773, 1728247169
01,79314383367, 1728252787, 1728253489
02,79359271586, 1728254650, 1728255057
02,79237015311, 1728257711, 1728257895
02,79366775930, 1728259440, 1728259590
01,79358165911, 1728269946, 1728269970
02,79237015311, 1728275295, 1728275295
02,79225894221, 1728276887, 1728278559
01,79309518740, 1728279496, 1728279552
02,79366775930, 1728283368, 1728283818
01,79366775930, 1728291744, 1728292369
01,79359271586, 1728294767, 1728295507
01,79362981296, 1728295918, 1728295918
01,79225894221, 1728298371, 1728299955
01,79222048877, 1728301940, 1728302630
02,79237015311, 1728310095, 1728311475
02,79203493575, 1728310420, 1728311124
01,79237015311, 1728311475, 1728311498
01,79309518740, 1728319170, 1728319786
02,79268147646, 1728326138, 1728326242
01,79237015311, 1728328898, 1728328990
01,79203493575, 1728329914, 1728330010
01,79203493575, 1728330010, 1728330522
02,79268147646, 1728331221, 1728331234
02,79225894221, 1728339579, 1728339711
01,79203493575, 1728341796, 1728343844
02,79268147646, 1728346171, 1728346171
02,79203493575, 1728347602, 1728347762
02,79237015311, 1728355090, 1728356056
01,79309518740, 1728359404, 1728359432
02,79222048877, 1728361586, 1728361678
02,79259422805, 1728363202, 1728363400
02,79272141173, 1728363300, 1728364740
02,79203493575, 1728366552, 1728366648
01,79358165911, 1728376575, 1728377259
02,79309518740, 1728390246, 1728391562
02,79237015311, 1728395206, 1728395505
02,79309518740, 1728395964, 1728397224
01,79225894221, 1728428865, 1728429305
02,79259422805, 1728429908, 1728430898
01,79272141173, 1728433760, 1728434600
02,79259422805, 1728436014, 1728436230
02,79254440072, 1728438465, 1728438865
01,79366775930, 1728439000, 1728439125
02,79366775930, 1728443088, 1728443388
01,79223961161, 1728443738, 1728444492
01,79203493575, 1728449324, 1728449868
01,79309518740, 1728454450, 1728455766
02,79237015311, 1728456405, 1728456474
01,79359271586, 1728458318, 1728458392
02,79309518740, 1728468972, 1728469252
02,79237015311, 1728482574, 1728482712
01,79314383367, 1728483324, 1728483540
01,79223961161, 1728483836, 1728486852
02,79358165911, 1728488499, 1728488511
01,79366775930, 1728490944, 1728492119
01,79359271586, 1728502073, 1728504330
01,79237015311, 1728504462, 1728505934
01,79223961161, 1728540950, 1728541066
02,79359271586, 1728544040, 1728544225
02,79237015311, 1728558134, 1728559238
01,79272141173, 1728562780, 1728563116
02,79259422805, 1728564130, 1728564490
02,79272141173, 1728568046, 1728568310
01,79314383367, 1728579750, 1728580182
01,79237015311, 1728589688, 1728589803
01,79223961161, 1728605000, 1728607146
01,79259422805, 1728605418, 1728606084
02,79225894221, 1728607613, 1728608581
02,79358165911, 1728609021, 1728609633
01,79237015311, 1728611553, 1728611990
02,79362981296, 1728613198, 1728613282
01,79222048877, 1728617154, 1728617292
02,79237015311, 1728620690, 1728620943
01,79268147646, 1728629974, 1728630013
02,79254440072, 1728631390, 1728633710
01,79358165911, 1728642078, 1728642126
02,79362981296, 1728645010, 1728645430
01,79203493575, 1728649042, 1728649362
01,79222048877, 1728661509, 1728661969
01,79314383367, 1728665702, 1728666620
01,79259422805, 1728667476, 1728667620
02,79225894221, 1728677923, 1728678891
01,79268147646, 1728679803, 1728679907
02,79309518740, 1728684950, 1728685230
02,79222048877, 1728696360, 1728699258
01,79203493575, 1728701974, 1728702358
02,79237015311, 1728707943, 1728708219
01,79366775930, 1728714047, 1728714322
01,79314383367, 1728714725, 1728714725
01,79237015311, 1728721269, 1728722419
01,79203493575, 1728732422, 1728734246
02,79359271586, 1728734833, 1728735129
01,79309518740, 1728742456, 1728742764
01,79259422805, 1728749476, 1728749746
01,79203493575, 1728753036, 1728753324
02,79203493575, 1728760840, 1728761256
02,79359271586, 1728762926, 1728763407
02,79203493575, 1728765014, 1728765014
02,79362981296, 1728767054, 1728767642
01,79237015311, 1728783319, 1728784791
02,79359271586, 1728787233, 1728787714
01,79223961161, 1728813702, 1728813992
02,79222048877, 1728822083, 1728822359
02,79359271586, 1728835366, 1728835366
01,79254440072, 1728841335, 1728841895
02,79254440072, 1728841895, 1728842335
02,79362981296, 1728852250, 1728854938
01,79362981296, 1728865514, 1728865766
02,79254440072, 1728868760, 1728870600
02,79223961161, 1728873008, 1728874110
02,79272141173, 1728873970, 1728875434
01,79359271586, 1728883018, 1728884683
02,79272141173, 1728885294, 1728886566
02,79272141173, 1728891496, 1728892672
01,79358165911, 1728892416, 1728892476
01,79254440072, 1728897025, 1728897705
01,79268147646, 1728903962, 1728904118
02,79237015311, 1728910941, 1728912367
01,79222048877, 1728915706, 1728918512
02,79225894221, 1728921588, 1728921896
01,79223961161, 1728923290, 1728923928
01,79237015311, 1728925417, 1728926682
01,79272141173, 1728927182, 1728927398
01,79366775930, 1728928324, 1728928424
01,79254440072, 1728935455, 1728935535
01,79362981296, 1728939798, 1728940260
02,79309518740, 1728945256, 1728946068
01,79237015311, 1728948432, 1728948455
02,79272141173, 1728966838, 1728966862
01,79223961161, 1728973108, 1728974732
02,79268147646, 1728973824, 1728973993
02,79203493575, 1728975462, 1728976646
02,79309518740, 1728976882, 1728977022
01,79254440072, 1728980835, 1728983115
01,79225894221, 1728991238, 1728993746
01,79259422805, 1728995314, 1728995494
02,79254440072, 1728998215, 1729000495
01,79203493575, 1728999194, 1728999322
02,79309518740, 1729034248, 1729034304
02,79223961161, 1729043584, 1729043642
01,79314383367, 1729056805, 1729056913
01,79223961161, 1729102658, 1729102774
01,79359271586, 1729107059, 1729107281
01,79314383367, 1729121053, 1729121485
02,79362981296, 1729130628, 1729131804
02,79359271586, 1729143020, 1729143057
01,79254440072, 1729143945, 1729144425
01,79237015311, 1729148555, 1729148854
01,79366775930, 1729150352, 1729151327
02,79268147646, 1729153237, 1729153276
02,79359271586, 1729166883, 1729167401
02,79254440072, 1729182175, 1729183935
01,79362981296, 1729184684, 1729185020
02,79358165911, 1729189116, 1729189236
01,79366775930, 1729190957, 1729191007
02,79268147646, 1729193108, 1729193823
01,79222048877, 1729193640, 1729195250
01,79358165911, 1729193871, 1729194003
01,79272141173, 1729198572, 1729198644
01,79362981296, 1729200884, 1729202984
01,79203493575, 1729232318, 1729232478
01,79366775930, 1729234600, 1729235925
01,79223961161, 1729235560, 1729236140
02,79268147646, 1729248592, 1729248722
01,79309518740, 1729250002, 1729250058
02,79358165911, 1729258893, 1729258989
01,79272141173, 1729267664, 1729267712
02,79358165911, 1729268259, 1729268403
02,79358165911, 1729268403, 1729268451
02,79223961161, 1729275484, 1729278964
02,79225894221, 1729281020, 1729283572
02,79259422805, 1729287106, 1729287412
01,79272141173, 1729287432, 1729287720
01,79362981296, 1729292880, 1729294770
02,79358165911, 1729300896, 1729301364
01,79223961161, 1729308472, 1729309284
02,79225894221, 1729313290, 1729316062
02,79268147646, 1729313449, 1729314281
02,79225894221, 1729316062, 1729316194
02,79366775930, 1729319148, 1729319448
01,79272141173, 1729322230, 1729322470
01,79272141173, 1729327400, 1729327472
02,79225894221, 1729331053, 1729331361
02,79254440072, 1729334935, 1729335375
01,79237015311, 1729340254, 1729340346
01,79225894221, 1729346220, 1729346572
01,79362981296, 1729352938, 1729353358
01,79362981296, 1729353358, 1729355962
02,79237015311, 1729370796, 1729370957
02,79259422805, 1729389732, 1729389876
01,79358165911, 1729394064, 1729394232
01,79225894221, 1729401055, 1729401539
02,79223961161, 1729412562, 1729415172
02,79359271586, 1729421545, 1729423913
01,79314383367, 1729426150, 1729426366
02,79359271586, 1729431855, 1729432188
01,79359271586, 1729436159, 1729436529
01,79272141173, 1729440862, 1729441966
02,79203493575, 1729446684, 1729447132
02,79272141173, 1729451826, 1729452138
02,79309518740, 1729452550, 1729452942
02,79362981296, 1729456434, 1729456644
01,79203493575, 1729462164, 1729462356
02,79222048877, 1729465465, 1729466385
01,79203493575, 1729488662, 1729490294
02,79259422805, 1729497312, 1729497330
02,79314383367, 1729501196, 1729501304
02,79272141173, 1729501438, 1729501942
02,79309518740, 1729505766, 1729506354
02,79223961161, 1729508614, 1729508904
02,79309518740, 1729523962, 1729524102
02,79222048877, 1729525341, 1729527089
02,79362981296, 1729525388, 1729527404
02,79222048877, 1729527089, 1729528009
01,79309518740, 1729528504, 1729528784
02,79272141173, 1729531522, 1729531642
01,79359271586, 1729535804, 1729536100
02,79203493575, 1729542906, 1729543162
01,79259422805, 1729543374, 1729544382
02,79359271586, 1729544042, 1729545818
01,79314383367, 1729544064, 1729546008
01,79222048877, 1729552574, 1729553126
02,79254440072, 1729554325, 1729554685
02,79366775930, 1729557228, 1729557403
01,79309518740, 1729559598, 1729560186
02,79358165911, 1729561092, 1729561812
02,79223961161, 1729567920, 1729568732
02,79259422805, 1729569962, 1729570034
01,79254440072, 1729588660, 1729589140
01,79259422805, 1729590498, 1729591614
02,79272141173, 1729590802, 1729590994
02,79237015311, 1729597157, 1729598583
02,79309518740, 1729599804, 1729601512
02,79225894221, 1729614518, 1729615134
01,79223961161, 1729622830, 1729623352
02,79254440072, 1729626890, 1729627330
01,79268147646, 1729632937, 1729633613
01,79366775930, 1729636663, 1729636963
02,79203493575, 1729637112, 1729637624
01,79362981296, 1729654316, 1729654358
01,79272141173, 1729660014, 1729661046
01,79225894221, 1729664664, 1729665060
01,79362981296, 1729664934, 1729666782
01,79203493575, 1729671446, 1729671638
01,79309518740, 1729676346, 1729676738
02,79203493575, 1729686670, 1729687086
02,79358165911, 1729686957, 1729687065
02,79309518740, 1729694346, 1729694766
01,79309518740, 1729707972, 1729709540
01,79358165911, 1729714875, 1729715211
01,79359271586, 1729720542, 1729720690
01,79203493575, 1729728424, 1729730440
02,79359271586, 1729728632, 1729730852
02,79272141173, 1729730066, 1729731506
02,79272141173, 1729736436, 1729736652
01,79309518740, 1729757962, 1729758298
02,79225894221, 1729759167, 1729759563
01,79222048877, 1729769298, 1729771276
01,79309518740, 1729775906, 1729776214
01,79359271586, 1729786446, 1729786483
02,79366775930, 1729803409, 1729803459
01,79222048877, 1729805667, 1729806495
02,79225894221, 1729809093, 1729811601
01,79309518740, 1729815832, 1729817036
02,79237015311, 1729829133, 1729830306
01,79314383367, 1729834638, 1729835016
02,79268147646, 1729837752, 1729837778
01,79309518740, 1729843448, 1729843728
01,79222048877, 1729845799, 1729846719
01,79268147646, 1729847736, 1729847866
02,79268147646, 1729847866, 1729848568
01,79358165911, 1729849626, 1729849674
01,79225894221, 1729851225, 1729853645
02,79237015311, 1729852056, 1729853528
02,79359271586, 1729853990, 1729854101
02,79259422805, 1729857646, 1729858132
02,79254440072, 1729861380, 1729861700
01,79223961161, 1729864334, 1729864450
02,79359271586, 1729866014, 1729867050
02,79259422805, 1729868364, 1729869246
01,79268147646, 1729873463, 1729873528
01,79362981296, 1729883590, 1729885816
01,79314383367, 1729888466, 1729889870
01,79259422805, 1729889710, 1729889728
01,79254440072, 1729895675, 1729896675
02,79309518740, 1729896552, 1729896916
02,79223961161, 1729898876, 1729901428
01,79254440072, 1729941975, 1729942015
01,79222048877, 1729944979, 1729945991
02,79223961161, 1729960444, 1729960618
02,79358165911, 1729965549, 1729966281
02,79366775930, 1729965942, 1729967067
02,79366775930, 1729967067, 1729967417
01,79203493575, 1729970952, 1729971208
02,79259422805, 1729971584, 1729971998
01,79222048877, 1729975469, 1729975791
02,79254440072, 1729979765, 1729980165
02,79222048877, 1729985617, 1729985939
01,79309518740, 1729989358, 1729990170
02,79254440072, 1729991490, 1729991530
02,79203493575, 1730001272, 1730001592
02,79203493575, 1730001592, 1730001656
01,79366775930, 1730003084, 1730003334
01,79254440072, 1730010405, 1730011165
02,79223961161, 1730014716, 1730015238
02,79366775930, 1730015223, 1730016748
01,79223961161, 1730015238, 1730015412
02,79222048877, 1730025243, 1730025289
01,79223961161, 1730025248, 1730025596
02,79272141173, 1730032452, 1730032764
02,79254440072, 1730033815, 1730034095
01,79222048877, 1730035115, 1730035207
02,79259422805, 1730038506, 1730039424
01,79359271586, 1730041774, 1730041811
01,79309518740, 1730042994, 1730043022
02,79366775930, 1730060341, 1730061816
02,79272141173, 1730072204, 1730072300
01,79223961161, 1730074776, 1730077792
02,79309518740, 1730078238, 1730078350
01,79222048877, 1730079424, 1730079608
01,79203493575, 1730084332, 1730086252
02,79358165911, 1730086791, 1730086959
01,79358165911, 1730086959, 1730087583
01,79359271586, 1730093434, 1730093508
01,79237015311, 1730101478, 1730101616
02,79268147646, 1730102562, 1730102679
02,79268147646, 1730107658, 1730108386
01,79254440072, 1730109595, 1730112075
02,79272141173, 1730111740, 1730112028
02,79203493575, 1730120074, 1730120074
02,79309518740, 1730126772, 1730127108
01,79222048877, 1730128738, 1730129014
02,79225894221, 1730131013, 1730131497
02,79268147646, 1730133281, 1730133398
01,79359271586, 1730141160, 1730141641
01,79203493575, 1730146380, 1730147500
02,79223961161, 1730146644, 1730146702
02,79272141173, 1730151468, 1730153004
01,79203493575, 1730158774, 1730160022
02,79223961161, 1730166374, 1730167012
02,79314383367, 1730173155, 1730173533
01,79268147646, 1730173230, 1730173412
02,79268147646, 1730178391, 1730179223
02,79359271586, 1730181351, 1730182868
02,79359271586, 1730182868, 1730184644
01,79222048877, 1730183057, 1730183195
02,79237015311, 1730188616, 1730189421
02,79225894221, 1730190933, 1730191197
01,79203493575, 1730201360, 1730203376
01,79222048877, 1730217586, 1730218506
02,79362981296, 1730218960, 1730219338
01,79203493575, 1730225924, 1730227844
01,79203493575, 1730231602, 1730232018
01,79314383367, 1730243018, 1730246258
02,79222048877, 1730262723, 1730263045
01,79203493575, 1730265840, 1730266096
01,79203493575, 1730273612, 1730273964
01,79268147646, 1730283782, 1730283938
01,79237015311, 1730289471, 1730289724
02,79358165911, 1730291523, 1730291643
02,79268147646, 1730298875, 1730299070
01,79366775930, 1730299596, 1730299646
02,79314383367, 1730305053, 1730305809
01,79237015311, 1730311474, 1730311589
01,79203493575, 1730311544, 1730313240
01,79203493575, 1730313240, 1730313240
01,79254440072, 1730319700, 1730320140
02,79237015311, 1730324639, 1730324892
02,79366775930, 1730331350, 1730331650
