02,79259776019, 1675209600, 1675209852
02,79258838424, 1675209600, 1675210086
02,79354767268, 1675209600, 1675211050
02,79272127553, 1675209600, 1675209708
02,79211141771, 1675209600, 1675209600
02,79336012866, 1675209600, 1675211856
01,79288371531, 1675209600, 1675211168
01,79263333621, 1675209600, 1675210775
02,79287252151, 1675209600, 1675209696
01,79279214658, 1675209600, 1675209600
02,79364535287, 1675209600, 1675209888
02,79208316358, 1675209600, 1675210370
01,79269575912, 1675209600, 1675212736
02,79343792645, 1675209600, 1675209743
01,79267278606, 1675209600, 1675209804
01,79354767268, 1675211050, 1675212094
02,79208316358, 1675218716, 1675221961
01,79279214658, 1675224951, 1675225692
01,79259776019, 1675227352, 1675227352
01,79263333621, 1675243444, 1675243644
02,79259776019, 1675244852, 1675244852
02,79288371531, 1675258182, 1675258798
01,79208316358, 1675259518, 1675259573
01,79364535287, 1675260455, 1675260851
02,79343792645, 1675266093, 1675266106
01,79272127553, 1675266506, 1675267604
01,79279214658, 1675266628, 1675266742
02,79267278606, 1675271520, 1675272149
02,79272127553, 1675291946, 1675292900
01,79259776019, 1675297352, 1675297496
02,79208316358, 1675309649, 1675312234
02,79343792645, 1675310381, 1675310563
01,79267278606, 1675313293, 1675313293
01,79272127553, 1675321299, 1675321695
02,79354767268, 1675323322, 1675325178
02,79288371531, 1675369922, 1675373226
02,79354767268, 1675373538, 1675374002
02,79269575912, 1675386570, 1675388628
01,79259776019, 1675389371, 1675390343
01,79269575912, 1675392407, 1675392897
02,79288371531, 1675394596, 1675394764
02,79208316358, 1675399867, 1675399977
02,79263333621, 1675425657, 1675426232
02,79208316358, 1675441707, 1675442092
01,79288371531, 1675441778, 1675442002
02,79267278606, 1675447011, 1675447045
01,79258838424, 1675449549, 1675450251
02,79336012866, 1675462964, 1675464045
02,79288371531, 1675476194, 1675477482
02,79263333621, 1675477569, 1675477919
02,79279214658, 1675481656, 1675482283
01,79364535287, 1675486104, 1675486572
02,79208316358, 1675496341, 1675496836
01,79211141771, 1675505472, 1675505664
02,79287252151, 1675520508, 1675520736
01,79263333621, 1675524589, 1675524639
02,79288371531, 1675528770, 1675529106
01,79263333621, 1675538640, 1675539790
02,79211141771, 1675547271, 1675547367
01,79269575912, 1675559173, 1675559467
01,79343792645, 1675560113, 1675560152
02,79287252151, 1675562880, 1675562922
02,79288371531, 1675571846, 1675572686
02,79272127553, 1675577286, 1675577376
02,79272127553, 1675597661, 1675597913
02,79259776019, 1675613468, 1675613648
02,79288371531, 1675615426, 1675615986
02,79354767268, 1675615802, 1675617542
01,79288371531, 1675637356, 1675638532
02,79272127553, 1675642540, 1675642558
02,79272127553, 1675654729, 1675655377
02,79288371531, 1675659902, 1675662198
02,79208316358, 1675663756, 1675663756
01,79259776019, 1675666148, 1675666202
01,79343792645, 1675668827, 1675668996
02,79263333621, 1675675133, 1675675183
02,79211141771, 1675681434, 1675682418
02,79279214658, 1675681846, 1675684924
02,79258838424, 1675682112, 1675682166
01,79272127553, 1675691890, 1675691926
02,79272127553, 1675691926, 1675691962
01,79364535287, 1675693437, 1675693797
01,79208316358, 1675697140, 1675697305
02,79259776019, 1675701202, 1675701238
02,79259776019, 1675701238, 1675702138
02,79288371531, 1675704938, 1675706282
02,79258838424, 1675704972, 1675706052
01,79288371531, 1675706282, 1675706450
02,79263333621, 1675707852, 1675707902
01,79336012866, 1675710324, 1675710371
02,79343792645, 1675713271, 1675713323
01,79259776019, 1675719638, 1675719692
02,79272127553, 1675724418, 1675724562
01,79267278606, 1675729910, 1675730862
02,79336012866, 1675734516, 1675734704
02,79279214658, 1675736094, 1675738944
01,79208316358, 1675739035, 1675739365
02,79364535287, 1675739767, 1675739839
01,79272127553, 1675744847, 1675745279
02,79354767268, 1675748114, 1675748230
02,79263333621, 1675763906, 1675764281
01,79259776019, 1675767817, 1675768051
01,79263333621, 1675768948, 1675768998
02,79258838424, 1675774470, 1675775172
01,79208316358, 1675776922, 1675777527
01,79269575912, 1675789986, 1675790182
01,79263333621, 1675792333, 1675793908
01,79258838424, 1675797978, 1675798680
02,79267278606, 1675808007, 1675808109
02,79208316358, 1675810911, 1675813991
01,79259776019, 1675820551, 1675820731
01,79343792645, 1675821998, 1675822297
01,79267278606, 1675828681, 1675828783
01,79336012866, 1675836113, 1675838698
01,79258838424, 1675844292, 1675844994
02,79263333621, 1675845245, 1675845470
01,79259776019, 1675860106, 1675861132
01,79208316358, 1675864067, 1675864727
02,79354767268, 1675864294, 1675864410
01,79263333621, 1675873472, 1675873572
01,79211141771, 1675876584, 1675877472
01,79287252151, 1675889538, 1675889886
02,79258838424, 1675898208, 1675898802
02,79263333621, 1675910908, 1675911083
01,79263333621, 1675929751, 1675929776
02,79269575912, 1675930005, 1675930250
02,79211141771, 1675937571, 1675937835
01,79269575912, 1675941587, 1675942175
01,79269575912, 1675942175, 1675944576
02,79272127553, 1675948129, 1675948759
01,79263333621, 1675948444, 1675948494
01,79288371531, 1675950068, 1675950404
01,79258838424, 1675952016, 1675954770
02,79272127553, 1675956873, 1675957017
02,79269575912, 1675959692, 1675959741
01,79269575912, 1675967299, 1675968328
01,79269575912, 1675987223, 1675988056
02,79269575912, 1675999393, 1675999932
01,79258838424, 1676007984, 1676008632
01,79263333621, 1676009165, 1676009615
01,79208316358, 1676014955, 1676018090
01,79279214658, 1676015262, 1676016003
01,79364535287, 1676015659, 1676017711
01,79259776019, 1676040507, 1676041371
02,79343792645, 1676059772, 1676059928
01,79267278606, 1676060218, 1676061051
02,79279214658, 1676062056, 1676062455
02,79364535287, 1676063681, 1676064185
02,79269575912, 1676075512, 1676077619
01,79267278606, 1676097052, 1676097290
02,79364535287, 1676100961, 1676101069
02,79269575912, 1676104072, 1676104121
01,79364535287, 1676105666, 1676106026
02,79288371531, 1676125638, 1676125974
02,79336012866, 1676128438, 1676128579
01,79354767268, 1676130390, 1676130767
01,79343792645, 1676132378, 1676132404
02,79259776019, 1676137621, 1676138071
02,79336012866, 1676143066, 1676146074
02,79269575912, 1676157027, 1676157370
01,79211141771, 1676159739, 1676159763
01,79364535287, 1676165787, 1676165895
02,79272127553, 1676172038, 1676172092
01,79287252151, 1676174358, 1676174508
01,79288371531, 1676177262, 1676179726
02,79336012866, 1676179877, 1676180206
01,79208316358, 1676180837, 1676181277
01,79343792645, 1676188754, 1676188858
02,79259776019, 1676190571, 1676191057
01,79272127553, 1676196434, 1676196686
01,79364535287, 1676198074, 1676198362
01,79354767268, 1676198471, 1676199109
02,79269575912, 1676202718, 1676203012
01,79267278606, 1676205293, 1676205497
01,79287252151, 1676206116, 1676206164
01,79258838424, 1676206284, 1676208498
01,79354767268, 1676218453, 1676219033
02,79343792645, 1676225083, 1676225148
02,79272127553, 1676225085, 1676225193
02,79288371531, 1676226740, 1676229708
01,79267278606, 1676231212, 1676231212
01,79263333621, 1676242965, 1676243590
02,79336012866, 1676242983, 1676243406
02,79269575912, 1676244581, 1676246835
01,79258838424, 1676257911, 1676258397
01,79343792645, 1676261373, 1676261984
01,79258838424, 1676265999, 1676266539
01,79343792645, 1676266009, 1676266178
01,79336012866, 1676272380, 1676275341
01,79287252151, 1676274648, 1676274894
02,79336012866, 1676280170, 1676280311
02,79354767268, 1676281901, 1676283061
02,79267278606, 1676292928, 1676292962
02,79287252151, 1676295966, 1676296086
02,79269575912, 1676299741, 1676300035
01,79364535287, 1676304093, 1676304201
02,79258838424, 1676304549, 1676306763
02,79267278606, 1676323820, 1676324211
02,79336012866, 1676338259, 1676340938
01,79336012866, 1676345767, 1676345861
02,79259776019, 1676348557, 1676349331
01,79287252151, 1676348766, 1676349102
01,79208316358, 1676352370, 1676353140
02,79259776019, 1676362456, 1676362726
01,79279214658, 1676374592, 1676375105
01,79267278606, 1676385927, 1676386318
02,79364535287, 1676396141, 1676396357
01,79269575912, 1676402068, 1676404469
02,79336012866, 1676403809, 1676405501
01,79259776019, 1676415226, 1676416090
02,79288371531, 1676417764, 1676418044
02,79211141771, 1676418651, 1676420163
01,79343792645, 1676423153, 1676423218
01,79269575912, 1676430922, 1676431069
01,79272127553, 1676432100, 1676432280
01,79272127553, 1676432280, 1676432370
01,79267278606, 1676432605, 1676432639
02,79269575912, 1676434848, 1676435289
01,79288371531, 1676439414, 1676442886
01,79288371531, 1676442886, 1676443614
01,79364535287, 1676451521, 1676451737
02,79269575912, 1676457963, 1676458355
01,79259776019, 1676464215, 1676464413
02,79208316358, 1676465811, 1676465921
02,79263333621, 1676467606, 1676467806
01,79263333621, 1676467806, 1676468156
02,79288371531, 1676490628, 1676491412
02,79354767268, 1676495845, 1676496048
02,79208316358, 1676507651, 1676508201
01,79336012866, 1676516568, 1676519529
02,79258838424, 1676527221, 1676527221
02,79354767268, 1676534736, 1676535084
01,79287252151, 1676538750, 1676538894
02,79288371531, 1676546974, 1676547030
01,79279214658, 1676554200, 1676555169
02,79279214658, 1676555169, 1676555739
02,79336012866, 1676558161, 1676559289
02,79208316358, 1676566623, 1676567008
01,79364535287, 1676566662, 1676568030
02,79258838424, 1676576634, 1676576850
01,79364535287, 1676577224, 1676579132
01,79258838424, 1676607258, 1676607798
01,79364535287, 1676615908, 1676615944
02,79364535287, 1676620541, 1676622845
02,79211141771, 1676642067, 1676642379
01,79272127553, 1676647391, 1676647481
02,79343792645, 1676680818, 1676681078
02,79336012866, 1676684843, 1676685454
02,79343792645, 1676689128, 1676689271
01,79269575912, 1676692653, 1676693045
01,79288371531, 1676700894, 1676701678
01,79343792645, 1676701346, 1676701515
02,79211141771, 1676711724, 1676711820
01,79336012866, 1676743402, 1676745987
01,79259776019, 1676744413, 1676745529
01,79208316358, 1676746447, 1676747547
02,79267278606, 1676751505, 1676751624
01,79267278606, 1676751624, 1676751845
01,79263333621, 1676752843, 1676753443
02,79343792645, 1676757865, 1676757865
01,79211141771, 1676758050, 1676758050
01,79211141771, 1676758050, 1676758362
01,79343792645, 1676761890, 1676761994
02,79269575912, 1676779962, 1676780501
01,79263333621, 1676781445, 1676781920
02,79211141771, 1676781477, 1676782485
02,79208316358, 1676785104, 1676785654
02,79259776019, 1676793654, 1676794338
01,79336012866, 1676799106, 1676801926
02,79288371531, 1676808528, 1676812000
02,79258838424, 1676809251, 1676812653
02,79269575912, 1676818291, 1676818389
02,79267278606, 1676823847, 1676824000
02,79269575912, 1676825947, 1676827662
01,79263333621, 1676833257, 1676833557
01,79211141771, 1676833338, 1676833530
01,79354767268, 1676834916, 1676835032
02,79343792645, 1676838469, 1676838469
02,79208316358, 1676844076, 1676844406
01,79208316358, 1676848579, 1676849844
01,79279214658, 1676852525, 1676852810
02,79269575912, 1676861673, 1676862212
01,79208316358, 1676866536, 1676867031
02,79287252151, 1676870778, 1676870790
01,79211141771, 1676879760, 1676880624
02,79354767268, 1676883392, 1676885190
02,79288371531, 1676893206, 1676893710
02,79288371531, 1676893710, 1676893822
02,79272127553, 1676894958, 1676895084
02,79354767268, 1676909370, 1676910559
01,79288371531, 1676910918, 1676910974
01,79343792645, 1676910919, 1676911543
01,79364535287, 1676917053, 1676917125
01,79336012866, 1676917822, 1676918010
01,79336012866, 1676918010, 1676918104
02,79343792645, 1676927643, 1676927682
01,79343792645, 1676939757, 1676940277
02,79336012866, 1676942249, 1676942625
02,79208316358, 1676950491, 1676953736
02,79364535287, 1676953901, 1676954189
01,79259776019, 1676960588, 1676961020
01,79354767268, 1676968591, 1676968678
01,79272127553, 1676972167, 1676972383
02,79272127553, 1676972383, 1676972401
01,79287252151, 1676976150, 1676976168
02,79258838424, 1676991300, 1676992056
02,79336012866, 1676995744, 1676997483
01,79208316358, 1677012158, 1677014908
02,79287252151, 1677018312, 1677018390
01,79208316358, 1677023254, 1677024794
02,79354767268, 1677026710, 1677027203
01,79287252151, 1677028926, 1677029190
02,79269575912, 1677043604, 1677043604
01,79263333621, 1677048239, 1677048264
02,79287252151, 1677055530, 1677055584
01,79343792645, 1677057002, 1677057106
01,79354767268, 1677065891, 1677067283
01,79364535287, 1677069114, 1677069330
01,79287252151, 1677092460, 1677092466
02,79287252151, 1677097734, 1677097746
02,79272127553, 1677114396, 1677114504
02,79259776019, 1677122895, 1677123993
02,79364535287, 1677124494, 1677124818
01,79272127553, 1677138846, 1677139494
02,79267278606, 1677153152, 1677154206
01,79211141771, 1677158004, 1677159396
01,79267278606, 1677159349, 1677159825
02,79279214658, 1677159830, 1677162281
02,79288371531, 1677167414, 1677168030
01,79258838424, 1677170703, 1677171027
01,79279214658, 1677172515, 1677172743
02,79211141771, 1677173265, 1677173433
02,79208316358, 1677175022, 1677175682
01,79258838424, 1677178629, 1677179709
02,79279214658, 1677182977, 1677183547
01,79364535287, 1677189176, 1677191012
02,79336012866, 1677190643, 1677192711
01,79269575912, 1677194764, 1677195303
02,79267278606, 1677206112, 1677206435
01,79258838424, 1677206316, 1677206478
02,79343792645, 1677222131, 1677222781
02,79211141771, 1677233532, 1677233772
01,79354767268, 1677241379, 1677243090
02,79269575912, 1677244430, 1677247321
02,79364535287, 1677246176, 1677247004
02,79258838424, 1677252090, 1677252252
01,79269575912, 1677258658, 1677260912
02,79288371531, 1677270606, 1677271334
02,79354767268, 1677291450, 1677291682
01,79258838424, 1677294063, 1677296655
02,79258838424, 1677296655, 1677296817
01,79288371531, 1677314074, 1677316258
01,79208316358, 1677321737, 1677322617
01,79343792645, 1677327431, 1677327548
01,79263333621, 1677328284, 1677329859
02,79208316358, 1677330963, 1677333878
01,79354767268, 1677340042, 1677340303
01,79259776019, 1677342743, 1677342761
01,79272127553, 1677346401, 1677346509
01,79288371531, 1677354724, 1677358084
02,79211141771, 1677358593, 1677358689
01,79208316358, 1677375608, 1677378963
02,79288371531, 1677388002, 1677388394
02,79354767268, 1677388663, 1677388663
01,79354767268, 1677388663, 1677389881
02,79258838424, 1677395643, 1677396399
02,79211141771, 1677395673, 1677395673
02,79208316358, 1677404001, 1677406751
02,79258838424, 1677411603, 1677411873
01,79343792645, 1677420123, 1677420799
01,79263333621, 1677423199, 1677423449
01,79343792645, 1677428849, 1677429018
01,79279214658, 1677429163, 1677429733
01,79287252151, 1677434898, 1677435150
01,79208316358, 1677435962, 1677438877
02,79263333621, 1677437450, 1677438650
02,79208316358, 1677438877, 1677440252
02,79267278606, 1677443013, 1677443880
01,79211141771, 1677446526, 1677446574
01,79288371531, 1677448230, 1677449686
01,79288371531, 1677449686, 1677451254
01,79263333621, 1677461985, 1677461985
01,79288371531, 1677472624, 1677472848
02,79267278606, 1677474738, 1677475129
01,79287252151, 1677477294, 1677477372
02,79269575912, 1677491431, 1677492264
02,79267278606, 1677500844, 1677501031
01,79336012866, 1677501767, 1677502237
02,79336012866, 1677502237, 1677503459
01,79208316358, 1677507020, 1677510430
02,79263333621, 1677508655, 1677509630
01,79208316358, 1677531295, 1677534815
