01,79264615857, 1682899200, 1682899335
01,79356297857, 1682899200, 1682899280
01,79294935936, 1682899200, 1682899960
01,79274150198, 1682899200, 1682899470
02,79356297857, 1682942015, 1682942311
02,79294935936, 1682949334, 1682949454
01,79356297857, 1682965621, 1682965917
02,79294935936, 1682998828, 1682999828
02,79264615857, 1683029049, 1683029964
01,79294935936, 1683053000, 1683053260
02,79264615857, 1683094821, 1683094821
01,79264615857, 1683099810, 1683100005
02,79274150198, 1683107170, 1683107926
02,79356297857, 1683140742, 1683141238
01,79356297857, 1683156778, 1683157274
01,79264615857, 1683159873, 1683159903
01,79274150198, 1683161928, 1683162522
02,79264615857, 1683169881, 1683170841
01,79294935936, 1683186190, 1683186190
01,79264615857, 1683205764, 1683205779
01,79356297857, 1683231089, 1683231161
02,79294935936, 1683235564, 1683235804
02,79294935936, 1683250996, 1683251056
01,79356297857, 1683270011, 1683270475
01,79294935936, 1683292834, 1683293694
01,79356297857, 1683297670, 1683297734
01,79274150198, 1683341144, 1683343736
01,79356297857, 1683383204, 1683383604
02,79294935936, 1683400038, 1683400878
02,79294935936, 1683416070, 1683416970
01,79294935936, 1683424566, 1683424706
01,79274150198, 1683426816, 1683427302
02,79264615857, 1683455229, 1683455634
01,79264615857, 1683525480, 1683526140
01,79274150198, 1683547768, 1683547876
02,79356297857, 1683612819, 1683612923
01,79294935936, 1683660182, 1683660342
01,79356297857, 1683667313, 1683667313
01,79356297857, 1683671198, 1683671270
02,79356297857, 1683710120, 1683710176
01,79356297857, 1683710176, 1683710504
02,79356297857, 1683753239, 1683753239
01,79274150198, 1683768038, 1683768362
01,79274150198, 1683780824, 1683781094
02,79356297857, 1683807629, 1683807693
02,79356297857, 1683827118, 1683827230
02,79264615857, 1683835458, 1683835608
02,79356297857, 1683869965, 1683870069
02,79294935936, 1683880626, 1683881366
02,79356297857, 1683897264, 1683897376
02,79274150198, 1683930638, 1683930854
02,79294935936, 1683934538, 1683934918
01,79294935936, 1683953908, 1683954788
02,79356297857, 1683967306, 1683967306
02,79274150198, 1683984856, 1683984964
02,79294935936, 1683985172, 1683985312
01,79294935936, 1683985312, 1683985312
01,79264615857, 1684020201, 1684020516
02,79264615857, 1684040472, 1684040607
01,79356297857, 1684048891, 1684048955
02,79356297857, 1684076150, 1684076198
01,79356297857, 1684122818, 1684123098
01,79264615857, 1684130409, 1684130469
02,79294935936, 1684144828, 1684146008
02,79274150198, 1684146970, 1684150264
01,79294935936, 1684153604, 1684154064
01,79264615857, 1684170381, 1684170681
01,79356297857, 1684216338, 1684216770
01,79356297857, 1684224540, 1684224628
02,79274150198, 1684270730, 1684271000
01,79274150198, 1684271000, 1684273214
02,79356297857, 1684275133, 1684275237
01,79356297857, 1684286892, 1684286924
02,79356297857, 1684286924, 1684287060
02,79274150198, 1684323062, 1684323548
01,79274150198, 1684340164, 1684342756
01,79274150198, 1684342756, 1684343512
02,79294935936, 1684347762, 1684348282
01,79356297857, 1684395840, 1684395888
01,79356297857, 1684399773, 1684399997
01,79356297857, 1684423307, 1684423419
01,79264615857, 1684435098, 1684435998
02,79264615857, 1684475910, 1684475925
02,79294935936, 1684519192, 1684519332
02,79274150198, 1684534596, 1684534704
01,79264615857, 1684550760, 1684551600
02,79294935936, 1684557312, 1684557572
02,79294935936, 1684610744, 1684611964
02,79356297857, 1684637094, 1684637182
01,79356297857, 1684742077, 1684742573
01,79356297857, 1684754228, 1684754236
02,79294935936, 1684790470, 1684790710
01,79274150198, 1684796406, 1684796676
01,79294935936, 1684824892, 1684825032
02,79356297857, 1684843591, 1684844007
02,79294935936, 1684844022, 1684844242
02,79274150198, 1684846524, 1684847496
01,79264615857, 1684850940, 1684851240
01,79294935936, 1684863232, 1684864332
02,79294935936, 1684890918, 1684891058
02,79294935936, 1684902452, 1684902632
02,79274150198, 1684905652, 1684909054
01,79264615857, 1684946031, 1684946706
02,79294935936, 1684948208, 1684949128
01,79356297857, 1684999407, 1684999911
02,79264615857, 1685001585, 1685002110
02,79264615857, 1685002110, 1685002725
01,79264615857, 1685007714, 1685007744
02,79356297857, 1685054301, 1685054349
01,79264615857, 1685067612, 1685068437
01,79356297857, 1685104854, 1685104894
01,79264615857, 1685113338, 1685113548
01,79274150198, 1685145832, 1685146102
01,79294935936, 1685154220, 1685154500
01,79264615857, 1685178405, 1685179170
02,79274150198, 1685179334, 1685179388
01,79274150198, 1685204312, 1685206256
01,79274150198, 1685251950, 1685252166
01,79294935936, 1685257046, 1685257486
02,79356297857, 1685264179, 1685264283
01,79294935936, 1685265082, 1685265362
01,79294935936, 1685272958, 1685273178
01,79274150198, 1685293706, 1685293922
01,79264615857, 1685323851, 1685324691
01,79264615857, 1685359614, 1685359674
02,79356297857, 1685411913, 1685412009
01,79264615857, 1685424531, 1685424711
02,79356297857, 1685427549, 1685427629
02,79264615857, 1685464623, 1685464683
02,79294935936, 1685474472, 1685475712
02,79294935936, 1685483308, 1685484508
01,79264615857, 1685489628, 1685490423
