02,79264615857, 1698796800, 1698796800
01,79356297857, 1698796800, 1698797438
01,79294935936, 1698796800, 1698796800
02,79274150198, 1698796800, 1698797187
01,79264615857, 1698820884, 1698820897
01,79274150198, 1698831707, 1698832524
01,79274150198, 1698854099, 1698854658
02,79264615857, 1698873079, 1698873144
02,79294935936, 1698883694, 1698884306
02,79264615857, 1698893214, 1698893760
01,79294935936, 1698895640, 1698896813
01,79294935936, 1698900591, 1698901407
02,79264615857, 1698909816, 1698910349
01,79356297857, 1698915868, 1698915868
01,79274150198, 1698923698, 1698923913
01,79294935936, 1698935409, 1698935613
02,79294935936, 1698988505, 1698989780
02,79274150198, 1699001583, 1699003776
02,79274150198, 1699033981, 1699034841
02,79356297857, 1699034298, 1699034320
01,79356297857, 1699070760, 1699070881
01,79264615857, 1699099007, 1699099358
02,79274150198, 1699159976, 1699161567
01,79356297857, 1699180201, 1699180278
02,79356297857, 1699184833, 1699184987
01,79294935936, 1699224016, 1699224679
02,79294935936, 1699236013, 1699239124
02,79264615857, 1699251890, 1699251903
02,79294935936, 1699261792, 1699262455
02,79264615857, 1699296057, 1699296109
01,79356297857, 1699307972, 1699308071
02,79264615857, 1699328221, 1699329014
01,79274150198, 1699429097, 1699429183
02,79356297857, 1699490271, 1699490524
01,79294935936, 1699500469, 1699500622
01,79294935936, 1699508178, 1699508790
02,79264615857, 1699513658, 1699514347
01,79264615857, 1699526389, 1699526545
01,79264615857, 1699542601, 1699542770
02,79264615857, 1699590938, 1699590964
01,79264615857, 1699611034, 1699611190
02,79264615857, 1699663372, 1699663463
02,79274150198, 1699666508, 1699666680
02,79264615857, 1699723673, 1699723803
01,79294935936, 1699731692, 1699732916
01,79356297857, 1699741049, 1699741137
01,79356297857, 1699741137, 1699741302
01,79274150198, 1699765925, 1699766097
01,79264615857, 1699779999, 1699780038
01,79274150198, 1699804932, 1699805190
02,79356297857, 1699827847, 1699828507
01,79274150198, 1699856970, 1699856970
01,79356297857, 1699887722, 1699888195
01,79294935936, 1699891592, 1699892459
02,79294935936, 1699922683, 1699922887
01,79356297857, 1699938300, 1699938454
01,79294935936, 1699964445, 1699966332
02,79264615857, 1700016864, 1700016981
01,79264615857, 1700016981, 1700017033
02,79264615857, 1700033089, 1700033401
01,79356297857, 1700043219, 1700043252
02,79274150198, 1700055460, 1700056406
01,79264615857, 1700057485, 1700057966
02,79274150198, 1700060721, 1700060936
02,79274150198, 1700086826, 1700087342
02,79264615857, 1700114162, 1700114383
02,79294935936, 1700140120, 1700142364
01,79264615857, 1700142481, 1700143287
01,79264615857, 1700147301, 1700147470
01,79274150198, 1700147752, 1700148225
01,79274150198, 1700152540, 1700155163
02,79294935936, 1700161254, 1700161713
01,79294935936, 1700188159, 1700188465
01,79356297857, 1700211787, 1700212073
02,79274150198, 1700232833, 1700235585
01,79356297857, 1700257623, 1700257744
01,79274150198, 1700270105, 1700270535
02,79274150198, 1700270535, 1700270535
02,79274150198, 1700270535, 1700271051
01,79274150198, 1700275366, 1700276054
02,79294935936, 1700294249, 1700295677
01,79356297857, 1700298739, 1700299410
01,79274150198, 1700362354, 1700362569
02,79264615857, 1700396338, 1700397092
02,79294935936, 1700450575, 1700450575
01,79274150198, 1700483389, 1700485926
01,79264615857, 1700489414, 1700489414
01,79356297857, 1700495275, 1700495385
02,79274150198, 1700498871, 1700499817
02,79264615857, 1700545610, 1700545714
01,79356297857, 1700554600, 1700554743
01,79264615857, 1700597896, 1700598078
02,79294935936, 1700650809, 1700651217
01,79294935936, 1700673885, 1700673936
01,79274150198, 1700745772, 1700746073
02,79356297857, 1700746053, 1700746207
02,79274150198, 1700797853, 1700799014
01,79294935936, 1700821278, 1700821788
01,79294935936, 1700836900, 1700837359
01,79356297857, 1700841862, 1700842247
01,79294935936, 1700844915, 1700845374
02,79264615857, 1700850960, 1700851233
01,79294935936, 1700868042, 1700868705
02,79294935936, 1700910263, 1700910518
02,79294935936, 1700925630, 1700928843
01,79294935936, 1700928843, 1700928945
01,79294935936, 1700944057, 1700945485
01,79294935936, 1700971931, 1700972747
02,79294935936, 1700987859, 1700988471
01,79264615857, 1701007779, 1701007870
01,79274150198, 1701032024, 1701032755
02,79356297857, 1701079107, 1701079239
02,79356297857, 1701106569, 1701106624
02,79264615857, 1701124276, 1701124575
02,79264615857, 1701124575, 1701124731
01,79264615857, 1701168885, 1701169470
02,79274150198, 1701205355, 1701206516
02,79264615857, 1701213624, 1701213676
01,79294935936, 1701226485, 1701226587
01,79294935936, 1701253033, 1701255175
01,79264615857, 1701253816, 1701253959
02,79356297857, 1701293379, 1701293852
01,79264615857, 1701294099, 1701294814
02,79294935936, 1701300511, 1701300664
