02,79254440072, 1733011200, 1733011425
02,79309518740, 1733011200, 1733011356
01,79272141173, 1733011200, 1733011470
02,79314383367, 1733011200, 1733011848
02,79359271586, 1733011200, 1733011452
02,79362981296, 1733011200, 1733011200
02,79223961161, 1733011200, 1733011200
01,79259422805, 1733011200, 1733011440
01,79237015311, 1733011200, 1733011421
01,79358165911, 1733011200, 1733011276
01,79222048877, 1733011200, 1733011285
02,79366775930, 1733011200, 1733011690
01,79225894221, 1733011200, 1733013225
01,79268147646, 1733011200, 1733012175
02,79203493575, 1733011200, 1733011382
01,79366775930, 1733031662, 1733031732
01,79272141173, 1733033034, 1733033214
01,79314383367, 1733034408, 1733035326
02,79203493575, 1733053864, 1733053929
01,79314383367, 1733057886, 1733058372
01,79225894221, 1733069502, 1733070582
02,79268147646, 1733094623, 1733096148
01,79222048877, 1733103239, 1733104327
01,79362981296, 1733103980, 1733104563
02,79203493575, 1733104135, 1733104291
01,79366775930, 1733106627, 1733108412
01,79225894221, 1733118201, 1733118606
02,79259422805, 1733128215, 1733128791
01,79225894221, 1733153238, 1733154993
01,79362981296, 1733160231, 1733161450
02,79309518740, 1733173268, 1733174036
01,79309518740, 1733195916, 1733196036
01,79362981296, 1733221757, 1733222499
01,79314383367, 1733225316, 1733225640
02,79309518740, 1733226668, 1733226848
02,79362981296, 1733227138, 1733227721
02,79259422805, 1733236916, 1733237108
02,79203493575, 1733262633, 1733262815
01,79358165911, 1733263444, 1733263539
01,79272141173, 1733265027, 1733265147
01,79309518740, 1733279360, 1733279528
01,79223961161, 1733280420, 1733281218
02,79254440072, 1733282346, 1733282391
01,79222048877, 1733284237, 1733284254
01,79359271586, 1733291186, 1733291366
02,79358165911, 1733298931, 1733299216
01,79268147646, 1733302268, 1733302468
02,79272141173, 1733302884, 1733303094
02,79225894221, 1733306508, 1733306823
02,79309518740, 1733314536, 1733314548
02,79237015311, 1733320581, 1733320972
01,79358165911, 1733334608, 1733334817
01,79223961161, 1733339549, 1733343140
02,79359271586, 1733349424, 1733349550
02,79225894221, 1733350113, 1733350203
01,79272141173, 1733351613, 1733351943
01,79366775930, 1733368048, 1733369518
01,79358165911, 1733379057, 1733379437
01,79359271586, 1733386496, 1733386622
02,79225894221, 1733419467, 1733419647
02,79309518740, 1733419572, 1733419728
01,79222048877, 1733432180, 1733432299
01,79358165911, 1733432525, 1733433532
02,79366775930, 1733439420, 1733439630
01,79259422805, 1733440383, 1733441007
02,79203493575, 1733444329, 1733444485
01,79309518740, 1733454736, 1733454856
02,79362981296, 1733464310, 1733467596
01,79203493575, 1733467657, 1733468450
01,79259422805, 1733497232, 1733497856
02,79314383367, 1733500872, 1733503464
02,79314383367, 1733512488, 1733512812
02,79309518740, 1733516120, 1733516552
02,79309518740, 1733520928, 1733521180
02,79225894221, 1733523543, 1733525478
02,79254440072, 1733524794, 1733526684
01,79272141173, 1733546019, 1733546079
02,79362981296, 1733551098, 1733552529
01,79362981296, 1733557168, 1733560401
02,79268147646, 1733575577, 1733577127
02,79223961161, 1733576464, 1733576977
01,79237015311, 1733577732, 1733578157
02,79203493575, 1733580448, 1733581033
02,79254440072, 1733583720, 1733583900
01,79309518740, 1733586820, 1733587552
01,79362981296, 1733592874, 1733593298
02,79203493575, 1733611929, 1733611994
02,79223961161, 1733630821, 1733633443
02,79309518740, 1733631312, 1733631480
02,79225894221, 1733638032, 1733638617
02,79237015311, 1733641037, 1733641224
01,79268147646, 1733644116, 1733644291
02,79362981296, 1733644327, 1733646235
02,79259422805, 1733649231, 1733649903
01,79362981296, 1733650874, 1733651139
01,79358165911, 1733659156, 1733660239
02,79309518740, 1733670864, 1733671596
02,79222048877, 1733684173, 1733684428
01,79259422805, 1733697478, 1733699686
01,79309518740, 1733702228, 1733702948
02,79254440072, 1733707478, 1733707703
01,79237015311, 1733709344, 1733709480
02,79203493575, 1733716268, 1733717100
02,79309518740, 1733720452, 1733720512
02,79309518740, 1733720512, 1733721244
01,79359271586, 1733724414, 1733724666
01,79259422805, 1733729961, 1733730105
01,79272141173, 1733734764, 1733734884
01,79237015311, 1733746160, 1733746398
02,79366775930, 1733749196, 1733749231
01,79237015311, 1733751638, 1733751774
02,79366775930, 1733754224, 1733754889
02,79222048877, 1733760390, 1733760424
01,79272141173, 1733778012, 1733778222
02,79259422805, 1733782005, 1733784885
02,79314383367, 1733788044, 1733788584
01,79366775930, 1733804819, 1733805274
01,79237015311, 1733825134, 1733825389
02,79225894221, 1733829093, 1733829183
02,79272141173, 1733832132, 1733833632
02,79314383367, 1733833704, 1733834622
01,79366775930, 1733835232, 1733835442
02,79259422805, 1733841110, 1733844182
01,79225894221, 1733863815, 1733864220
02,79358165911, 1733877015, 1733877110
02,79309518740, 1733878780, 1733878864
01,79203493575, 1733887028, 1733887717
01,79309518740, 1733887616, 1733888192
02,79314383367, 1733888766, 1733889360
01,79223961161, 1733893689, 1733895912
01,79314383367, 1733893872, 1733894034
01,79362981296, 1733897006, 1733897536
02,79362981296, 1733897536, 1733897748
01,79223961161, 1733904886, 1733905342
02,79223961161, 1733905342, 1733906083
01,79358165911, 1733908078, 1733908230
01,79359271586, 1733909396, 1733909504
01,79309518740, 1733910072, 1733910228
01,79225894221, 1733911839, 1733911839
01,79358165911, 1733912654, 1733913490
02,79254440072, 1733916835, 1733916835
01,79314383367, 1733921106, 1733924184
02,79359271586, 1733935894, 1733936128
02,79314383367, 1733937720, 1733938314
01,79223961161, 1733946466, 1733946523
01,79268147646, 1733953471, 1733953796
01,79272141173, 1733957625, 1733957775
02,79362981296, 1733958055, 1733958479
02,79358165911, 1733962154, 1733962401
01,79272141173, 1733979339, 1733979549
02,79203493575, 1733980405, 1733980444
02,79203493575, 1733980444, 1733980600
01,79309518740, 1733988996, 1733989128
01,79359271586, 1733994186, 1733995140
02,79268147646, 1733995020, 1733995370
01,79223961161, 1733995880, 1733995994
01,79203493575, 1733996048, 1733996594
02,79222048877, 1734012298, 1734013097
02,79222048877, 1734013097, 1734013318
02,79362981296, 1734014147, 1734016161
01,79358165911, 1734019913, 1734020141
02,79268147646, 1734041747, 1734043347
01,79362981296, 1734043995, 1734043995
01,79203493575, 1734046800, 1734046891
01,79362981296, 1734048634, 1734050754
01,79362981296, 1734050754, 1734053298
02,79222048877, 1734053298, 1734053349
02,79272141173, 1734055023, 1734055143
01,79272141173, 1734092880, 1734093120
01,79223961161, 1734099195, 1734099366
02,79225894221, 1734106644, 1734106914
02,79259422805, 1734112332, 1734113004
01,79268147646, 1734115489, 1734115614
02,79268147646, 1734115614, 1734115864
01,79225894221, 1734124230, 1734124680
01,79366775930, 1734140015, 1734142255
02,79272141173, 1734147030, 1734147030
02,79254440072, 1734154485, 1734157230
01,79259422805, 1734160579, 1734162355
02,79237015311, 1734160749, 1734160953
01,79237015311, 1734160953, 1734161089
02,79223961161, 1734189106, 1734192526
02,79309518740, 1734194800, 1734194908
02,79359271586, 1734195704, 1734195794
02,79203493575, 1734209095, 1734209134
02,79223961161, 1734214961, 1734215132
02,79237015311, 1734218729, 1734219460
01,79359271586, 1734222184, 1734222202
02,79314383367, 1734227082, 1734227838
01,79254440072, 1734238031, 1734238661
01,79358165911, 1734259037, 1734259151
02,79268147646, 1734260148, 1734261598
01,79237015311, 1734266620, 1734267538
01,79203493575, 1734267064, 1734267233
01,79237015311, 1734267538, 1734267776
02,79362981296, 1734285248, 1734285884
02,79254440072, 1734295697, 1734297677
02,79222048877, 1734297227, 1734297312
01,79237015311, 1734299216, 1734299301
01,79223961161, 1734318333, 1734318732
01,79223961161, 1734318732, 1734321639
01,79259422805, 1734335355, 1734337755
01,79314383367, 1734340638, 1734343176
02,79359271586, 1734359430, 1734360204
02,79237015311, 1734367421, 1734368016
02,79222048877, 1734369276, 1734370364
02,79314383367, 1734370248, 1734372192
02,79272141173, 1734378843, 1734379113
01,79225894221, 1734384420, 1734384510
01,79272141173, 1734384504, 1734384564
01,79222048877, 1734398350, 1734398537
01,79203493575, 1734406265, 1734406369
01,79237015311, 1734409936, 1734410667
01,79309518740, 1734422460, 1734422964
01,79203493575, 1734425679, 1734426017
02,79222048877, 1734454509, 1734454577
01,79366775930, 1734461807, 1734463277
02,79237015311, 1734463067, 1734464036
02,79203493575, 1734472361, 1734472985
02,79259422805, 1734502105, 1734505033
02,79358165911, 1734502471, 1734502528
01,79358165911, 1734502528, 1734503744
02,79366775930, 1734513207, 1734513592
02,79237015311, 1734516436, 1734516521
02,79203493575, 1734523191, 1734523412
02,79268147646, 1734524401, 1734525926
01,79254440072, 1734530574, 1734531204
02,79268147646, 1734536232, 1734536382
01,79358165911, 1734543560, 1734543731
01,79314383367, 1734543648, 1734546888
02,79203493575, 1734554308, 1734554386
02,79268147646, 1734562147, 1734563672
02,79358165911, 1734565851, 1734565946
02,79254440072, 1734569228, 1734569678
02,79254440072, 1734574431, 1734575601
02,79366775930, 1734578501, 1734579131
01,79358165911, 1734579218, 1734579446
01,79362981296, 1734582780, 1734583098
01,79223961161, 1734590859, 1734591087
01,79203493575, 1734596868, 1734597011
01,79314383367, 1734605544, 1734605706
02,79268147646, 1734610049, 1734611049
01,79225894221, 1734618276, 1734618906
01,79268147646, 1734647120, 1734647670
01,79359271586, 1734650494, 1734650602
01,79237015311, 1734658001, 1734659055
02,79222048877, 1734666471, 1734666590
01,79314383367, 1734668874, 1734669522
01,79359271586, 1734671714, 1734671750
02,79225894221, 1734688170, 1734688980
02,79309518740, 1734689900, 1734690020
01,79254440072, 1734694426, 1734696631
01,79309518740, 1734698772, 1734699228
01,79254440072, 1734706137, 1734706182
02,79272141173, 1734729588, 1734729588
01,79268147646, 1734730118, 1734730293
01,79237015311, 1734732415, 1734732568
01,79225894221, 1734736599, 1734736824
01,79359271586, 1734740364, 1734740652
01,79309518740, 1734742988, 1734743024
01,79225894221, 1734749811, 1734752241
02,79359271586, 1734756486, 1734756972
01,79237015311, 1734764008, 1734764127
01,79259422805, 1734777508, 1734777988
01,79222048877, 1734782532, 1734783535
01,79362981296, 1734791853, 1734792542
01,79203493575, 1734793973, 1734794246
01,79237015311, 1734795567, 1734795975
02,79366775930, 1734798823, 1734799208
01,79268147646, 1734812741, 1734813041
01,79259422805, 1734816913, 1734817489
01,79203493575, 1734829004, 1734829160
01,79203493575, 1734829160, 1734829225
01,79359271586, 1734830864, 1734831386
02,79358165911, 1734831614, 1734831861
01,79222048877, 1734835509, 1734835662
02,79309518740, 1734856800, 1734857544
01,79223961161, 1734869281, 1734869965
02,79358165911, 1734880525, 1734880525
02,79222048877, 1734903628, 1734904359
01,79225894221, 1734903756, 1734904386
01,79223961161, 1734905861, 1734906887
01,79358165911, 1734920341, 1734920341
01,79203493575, 1734933499, 1734933681
02,79314383367, 1734940242, 1734940836
02,79203493575, 1734956853, 1734957425
01,79268147646, 1734957325, 1734958750
02,79222048877, 1734960331, 1734961419
01,79314383367, 1734967908, 1734968124
02,79237015311, 1734979375, 1734979613
01,79225894221, 1734986637, 1734986727
02,79222048877, 1734989405, 1734989541
01,79259422805, 1734990489, 1734993465
02,79254440072, 1735000868, 1735002533
02,79359271586, 1735026672, 1735026906
01,79362981296, 1735033770, 1735034035
01,79237015311, 1735037253, 1735038052
01,79272141173, 1735069221, 1735069941
01,79237015311, 1735079972, 1735080652
01,79359271586, 1735090242, 1735090314
02,79203493575, 1735096457, 1735096652
02,79359271586, 1735100870, 1735102004
02,79309518740, 1735106976, 1735107036
01,79225894221, 1735107939, 1735108614
02,79203493575, 1735108238, 1735109031
01,79359271586, 1735112560, 1735112740
01,79366775930, 1735113767, 1735114152
01,79223961161, 1735140211, 1735140268
01,79359271586, 1735154964, 1735155054
01,79259422805, 1735162140, 1735164972
02,79309518740, 1735181428, 1735181452
01,79309518740, 1735190204, 1735190240
02,79223961161, 1735198599, 1735199340
01,79358165911, 1735199053, 1735200174
01,79362981296, 1735210317, 1735211059
01,79314383367, 1735216284, 1735217850
02,79309518740, 1735216496, 1735216832
02,79259422805, 1735216872, 1735216920
02,79309518740, 1735221208, 1735221412
02,79237015311, 1735227372, 1735228052
01,79358165911, 1735231142, 1735231275
02,79222048877, 1735233419, 1735233572
02,79254440072, 1735244936, 1735244936
01,79254440072, 1735244936, 1735245071
02,79268147646, 1735247318, 1735247918
02,79259422805, 1735251520, 1735252672
01,79259422805, 1735252672, 1735252768
02,79237015311, 1735254252, 1735254949
01,79259422805, 1735257093, 1735257189
01,79362981296, 1735257449, 1735258668
01,79203493575, 1735267373, 1735267542
02,79272141173, 1735269408, 1735270998
01,79237015311, 1735275909, 1735276351
01,79358165911, 1735279939, 1735279996
01,79203493575, 1735290714, 1735290961
02,79359271586, 1735297560, 1735297956
02,79203493575, 1735298685, 1735298763
01,79358165911, 1735302116, 1735302325
01,79223961161, 1735302541, 1735302541
02,79268147646, 1735309754, 1735310079
02,79259422805, 1735313414, 1735316198
01,79358165911, 1735315597, 1735315635
02,79358165911, 1735324483, 1735324483
02,79362981296, 1735328253, 1735328412
01,79237015311, 1735328751, 1735328921
01,79203493575, 1735341245, 1735341375
01,79358165911, 1735355451, 1735356002
02,79358165911, 1735356002, 1735356078
02,79362981296, 1735365524, 1735365683
01,79268147646, 1735371915, 1735373015
02,79225894221, 1735372683, 1735375068
02,79358165911, 1735395894, 1735396008
02,79237015311, 1735397041, 1735398061
02,79362981296, 1735402795, 1735404809
01,79268147646, 1735403933, 1735404283
01,79366775930, 1735413732, 1735414607
02,79366775930, 1735424593, 1735425083
02,79222048877, 1735429474, 1735429474
01,79268147646, 1735430048, 1735431223
01,79309518740, 1735435836, 1735436376
02,79268147646, 1735451835, 1735451835
01,79314383367, 1735452474, 1735452798
02,79254440072, 1735454203, 1735455013
02,79309518740, 1735458256, 1735458292
01,79222048877, 1735477450, 1735477654
01,79358165911, 1735480064, 1735480197
01,79272141173, 1735492029, 1735492299
02,79254440072, 1735493037, 1735493532
02,79366775930, 1735494985, 1735495405
01,79309518740, 1735502052, 1735502388
01,79268147646, 1735518824, 1735520124
01,79309518740, 1735519892, 1735519892
02,79223961161, 1735535865, 1735538430
02,79366775930, 1735560314, 1735560454
02,79272141173, 1735567773, 1735568973
02,79309518740, 1735572404, 1735572548
02,79259422805, 1735584348, 1735584588
01,79203493575, 1735588543, 1735589037
01,79366775930, 1735595405, 1735595440
01,79362981296, 1735599647, 1735599912
